,HMV23/000059/0923/1,HMV23/000059/0923/2,HMV23/000059/0923/3,HMV23/000059/0923/4,HMV23/000059/0923/5,HMV23/000059/0923/6,HMV23/000059/0923/7,HMV23/000059/0923/8,HMV23/000059/0923/9,HMV23/000059/0923/10,HMV23/000059/0923/11,HMV23/000059/0923/12,HMV23/000059/0923/13,HMV23/000059/0923/14,HMV23/000059/0923/15,HMV23/000059/0923/16,HMV23/000059/0923/17,HMV23/000059/0923/18,HMV23/000059/0923/19,HMV23/000059/0923/20,HMV23/000059/0923/21,HMV23/000055/0923/1,HMV23/000055/0923/2,HMV23/000055/0923/3,HMV23/000055/0923/4,HMV23/000055/0923/5,HMV23/000055/0923/6,HMV23/000055/0923/7,HMV23/000055/0923/8,HMV23/000055/0923/9,HMV23/000055/0923/10,HMV23/000055/0923/11,HMV23/000055/0923/12,HMV23/000055/0923/13,HMV23/000055/0923/14,HMV23/000055/0923/15,HMV23/000055/0923/16,HMV23/000055/0923/17,HMV23/000055/0923/18,HMV23/000055/0923/19,HMV23/000055/0923/20,HMV23/000055/0923/21,HMV23/000055/0923/22,HMV23/000055/0923/23,HMV23/000055/0923/24,HMV23/000055/0923/25,HMV23/000055/0923/26,HMV23/000043/0823/1,HMV23/000043/0823/2,HMV23/000043/0823/3,HMV23/000043/0823/4,HMV23/000043/0823/5,HMV23/000043/0823/6,HMV23/000043/0823/7,HMV23/000043/0823/8,HMV23/000043/0823/9,HMV23/000043/0823/10,HMV23/000043/0823/11,HMV23/000043/0823/12,HMV23/000043/0823/13,HMV23/000043/0823/14,HMV23/000043/0823/15
HMV23/000059/0923/1,1.0000000000000004,0.760815581422264,0.771282826654915,0.7399723474584382,0.6966645751640704,0.6399782617947465,0.7390732908614615,0.6801215550010522,0.7934009004883358,0.6866957070445887,0.6854107348107606,0.6967145313332249,0.8965988507666499,0.8652552266384895,0.7845865915567246,0.6544759767532824,0.6626864115779513,0.646907833902644,0.6703448914218904,0.6773688475909494,0.7423582825036212,0.7491568843380753,0.9710506677194416,0.7682930858209492,0.6540864567945985,0.7074199210203427,0.7502629656858014,0.7071369670838509,0.6708243408148721,0.7458379774160984,0.602583978073161,0.6452338687706171,0.6799419963759672,0.7145180412371599,0.6556058990842548,0.6858282497334821,0.8728422103673158,0.8652552266384895,0.608102523167471,0.6736783755362982,0.731912161691597,0.6835220781044317,0.6898719132674782,0.6645994895620707,0.7145180412371599,0.6738818843040094,0.7465226446917851,0.7112471649542138,0.7023017078652025,0.7787985238185821,0.7477546125173739,0.6588259695320472,0.6765725464253668,0.7286639622040771,0.7399981478354887,0.5934967263771825,0.5080270623649087,0.6893641141786955,0.5970433026711467,0.6021148905770977,0.5064116421589874,0.6266733057456495
HMV23/000059/0923/2,0.760815581422264,0.9999999999999999,0.8807595613966913,0.7396947038197123,0.9024830781616541,0.8336782747426728,0.7799471846544228,0.8115573420346321,0.866650626070602,0.7806384630946764,0.8781852351693938,0.8812425150002335,0.7861272358738988,0.8463883405140364,0.7889810958381439,0.8003535320999957,0.7317257318992044,0.7715332687175922,0.8145109230999366,0.8161698937854368,0.8225414295833074,0.8998162307754068,0.7609522193408185,0.8831123087472152,0.8472251226726595,0.9057264344199933,0.7446716979104272,0.8583488286707269,0.7232596703077809,0.8212491745728009,0.8271717661246877,0.8898692005309455,0.7422781242987139,0.9055181150483084,0.877911839110991,0.8776186429407263,0.8513624499727691,0.8463883405140364,0.6049595910645587,0.7490282897001955,0.8694465538413769,0.7777044277060234,0.8842529230283837,0.9043305589147445,0.9055181150483084,0.9141738818135814,0.8090080851051117,0.7812885457015886,0.8796348720246024,0.8656314172465737,0.8485604193725581,0.862916892578371,0.6999244497927484,0.814368685024018,0.8477312739963887,0.8428291770682856,0.7824566941402762,0.8040074058044401,0.8064481362357849,0.7943557583865686,0.7779680896249598,0.83405621849527
HMV23/000059/0923/3,0.771282826654915,0.8807595613966913,0.9999999999999997,0.8268069708897989,0.7703555226941357,0.901938364602125,0.8985970708631188,0.90977846561427,0.9056995991688989,0.877328949433792,0.7845402293841697,0.7832880271906516,0.7888343960398512,0.8891919823205933,0.8426077917972055,0.8591238860171682,0.8429067295502286,0.8614800151647914,0.8201094743797606,0.8824300029025788,0.9098937300541042,0.8528574719444473,0.7737389507769786,0.9992945400136385,0.8401710434231224,0.8082526396891314,0.8071323308316449,0.8821318238188119,0.778936420151362,0.9226608805609874,0.7882408448504289,0.8857628741815599,0.8252034322060857,0.873777871566246,0.7667997755479062,0.7755447807883014,0.8903084474325682,0.8891919823205933,0.6774905417140457,0.8502564211493449,0.9385533449193735,0.8186487336616752,0.8647909999281099,0.8855715725645661,0.873777871566246,0.891748583413865,0.8958163825234918,0.8699368105636557,0.9437300053706447,0.9256484859057456,0.9045769042608406,0.74709180369988,0.7661172043285809,0.8933436936404995,0.8432380581722867,0.7143959840143291,0.6308475748612377,0.8669113835734938,0.6555550032740208,0.6544935228466374,0.6347478848273159,0.9047406018316491
HMV23/000059/0923/4,0.7399723474584382,0.7396947038197123,0.8268069708897989,1.0000000000000002,0.6947113172446703,0.7096702136865578,0.7486231107421943,0.7626804047100333,0.8399746895878643,0.8155085624593507,0.7635857050544156,0.7653250061583889,0.7958666905301401,0.810803563681236,0.7398198660237296,0.7717650971527483,0.7062961909367691,0.6170863303105276,0.8120180586204184,0.7890221642957332,0.8604911501066687,0.8270138818529401,0.7743476325889532,0.8300904096211278,0.7189174200151035,0.8339598892977947,0.8258878237139959,0.7897436814800218,0.8116440943935719,0.7977850980561648,0.582177953533094,0.6929279611765642,0.8032588200658713,0.7743480278437501,0.7207068391334442,0.7558227965715067,0.8161986938889495,0.810803563681236,0.6210795555893379,0.800731628892315,0.8145109713184389,0.7180307899551066,0.7684599918933177,0.7519405777543148,0.7743480278437501,0.7563541301808494,0.8601922532832091,0.8346216060332007,0.7738464400503627,0.7923048647996915,0.7909849167785047,0.7172970084166456,0.7629627356538767,0.8326826759466108,0.7772207863255493,0.6152411958623714,0.5198607577900172,0.7935495873184976,0.651952716321093,0.6767808327229754,0.4767150391274914,0.6870714658362062
HMV23/000059/0923/5,0.6966645751640704,0.9024830781616541,0.7703555226941357,0.6947113172446703,1.0000000000000002,0.7565549762020981,0.7365796515957339,0.7091084034665145,0.8186194988916956,0.6958363178161338,0.8610749989548064,0.8847127898995185,0.7518023102369651,0.7922648370031744,0.7625231509125088,0.7097294548424673,0.6455713705316518,0.6880694809811219,0.7936850315960545,0.7374888877393768,0.7443035923655034,0.8697772130043662,0.7257478720294354,0.7730364237781221,0.8805883901674865,0.9122759133541476,0.721556575616479,0.8183815131213888,0.6687375775920763,0.7237724166509929,0.8548005029513812,0.8753439100791429,0.6883497428561833,0.8527895857046129,0.8673911159471037,0.881010795898731,0.7877808981211774,0.7922648370031744,0.5081530579755912,0.6710728501091483,0.8102902368547146,0.72397911620475,0.8550311162843856,0.8980413304018817,0.8527895857046129,0.8988755094746699,0.732210688929456,0.7170624892941087,0.8052349261515307,0.7765202333448387,0.7758292010453834,0.9081303368663488,0.6450796594349616,0.7423427493673362,0.7824668950063005,0.9279605078280079,0.8896960698133733,0.7029045065219539,0.8873024339072916,0.8672835488340592,0.850427485683555,0.7497754613741693
HMV23/000059/0923/6,0.6399782617947465,0.8336782747426728,0.901938364602125,0.7096702136865578,0.7565549762020981,1.0000000000000002,0.8542994888123422,0.8687121367994682,0.8163158538099466,0.8017360935935223,0.7418653163584367,0.7365497355234878,0.6597015010247337,0.8340562493432914,0.7490908533673246,0.8325874021197994,0.8200220026155618,0.9020793509715811,0.7544355624476915,0.843708768772627,0.8044392054379251,0.7785481455011791,0.640035133250919,0.9035662869402604,0.7985273826760156,0.7764397616844029,0.6773350279248944,0.8624564719648462,0.7416346913956812,0.8291355536543316,0.834734039092579,0.8879028356970475,0.769537234602461,0.8504606716802652,0.7549191416164996,0.7346638436904699,0.8188899791329954,0.8340562493432914,0.5843224636199454,0.7604153300372327,0.8705605350180219,0.8094217046629673,0.8419945894355574,0.9079514175831507,0.8504606716802652,0.9105760353185858,0.7891509385088461,0.7898724318830521,0.9208709883569093,0.8865390634367909,0.8561584335496664,0.7334348780000554,0.7076375283633648,0.8278827302458973,0.8072612327657777,0.7516339989986852,0.6760043182790578,0.8180927950600919,0.6491417805352537,0.643422540393164,0.7193945772911429,0.930283852055715
HMV23/000059/0923/7,0.7390732908614615,0.7799471846544228,0.8985970708631188,0.7486231107421943,0.7365796515957339,0.8542994888123422,1.0,0.884381889626291,0.8873874838736184,0.8634039239272852,0.6956636392254671,0.7037650895530138,0.7782138105921633,0.8325523473960492,0.8910260487103513,0.8678262156069086,0.855333057664961,0.8553968174027244,0.8024484563585685,0.8472945462361802,0.870312392850725,0.7986602854640782,0.7521106598495377,0.8954546091232348,0.7649484701093883,0.6977366236676922,0.819583026159982,0.8871465626884617,0.7635785385991732,0.8952168513484885,0.7057460134675941,0.8186515255091172,0.8268566631711364,0.8324452583492775,0.6819567533098297,0.7010382385014234,0.8233119557997253,0.8325523473960492,0.7156461354592396,0.8388170992246443,0.9264183424877199,0.848808480300098,0.8503601048292829,0.8559926270710503,0.8324452583492775,0.8517257171203944,0.8635927700795164,0.864165935752719,0.8902030339110203,0.8631220474026343,0.8863154292714494,0.7257566398565247,0.8093432123065813,0.8997480211549336,0.8299306994842439,0.661155139568537,0.5565911896904879,0.8540557978264602,0.624970027207375,0.654987807129446,0.5534019196527397,0.8566057247685861
HMV23/000059/0923/8,0.6801215550010522,0.8115573420346321,0.90977846561427,0.7626804047100333,0.7091084034665145,0.8687121367994682,0.884381889626291,1.0000000000000004,0.891901947865095,0.8923076162008828,0.7676105860645929,0.7573386299409269,0.7008726119458223,0.7995617400836066,0.7876911936861732,0.8593026723586822,0.8109465838662245,0.8333565003141208,0.8435409922130566,0.8625429472856485,0.906722214641282,0.7972753434071752,0.7049780875675136,0.9079909030030663,0.7467777041447181,0.741644331056076,0.7586612936907601,0.9204962089588302,0.8160030276297741,0.8657392668518067,0.6639211060271382,0.7910167097627329,0.8658858217743137,0.8876498103174774,0.7443100744582892,0.7552276181445685,0.7930912444830562,0.7995617400836066,0.6962539660426578,0.9475831911632037,0.9150173980793594,0.8000729766143398,0.8907814316311394,0.8801029692872413,0.8876498103174774,0.8848709331004084,0.9015306518848993,0.8746330414780966,0.9094112454262797,0.8953184106947663,0.9062681650778399,0.7489922382378169,0.8035891033065997,0.9281619633125763,0.8507252619584943,0.6674420176985076,0.5584979629547308,0.8772970065412575,0.6323195450665252,0.6856145985361702,0.5428242197505722,0.8701743826800722
HMV23/000059/0923/9,0.7934009004883358,0.866650626070602,0.9056995991688989,0.8399746895878643,0.8186194988916956,0.8163158538099466,0.8873874838736184,0.891901947865095,1.0000000000000002,0.8736529103395969,0.8508657556323628,0.8550031196532514,0.8274173597125114,0.8674636194706714,0.8703570359884991,0.8576607191991841,0.7732160461062514,0.7996531228568136,0.8850236242576753,0.866644113260329,0.9263923540680353,0.8863043274933813,0.8224883474551252,0.9032628099628501,0.7805457713104439,0.8263155070522814,0.8508913077763799,0.9255775297637215,0.7889103082590789,0.8859676737532926,0.6893267605400972,0.8169626558949414,0.8219715849558451,0.9050164664658482,0.8239813430750642,0.8520333486109006,0.8729922031762354,0.8674636194706714,0.6964720216752831,0.8735962086798552,0.9544421981902564,0.8552754338791884,0.9172392844199981,0.8913121374279142,0.9050164664658482,0.8944184803865315,0.9249304944486362,0.8867139739442823,0.9068758542576483,0.9169877617243034,0.9313728574272298,0.8287831320795418,0.7859877857617191,0.9184699688321349,0.8777449767120956,0.7528684387944274,0.6536747241330214,0.8895396194447759,0.7455337227149998,0.7738330036808264,0.6227345573557744,0.8470565168185933
HMV23/000059/0923/10,0.6866957070445887,0.7806384630946764,0.877328949433792,0.8155085624593507,0.6958363178161338,0.8017360935935223,0.8634039239272852,0.8923076162008828,0.8736529103395969,1.0000000000000004,0.7311117284448374,0.7493822687791164,0.7459422095295316,0.7909601399131907,0.8025777049832324,0.8845800587326557,0.8542325346899546,0.7477083006072823,0.829193028490504,0.8465672409157037,0.9449406497300132,0.8258025272691619,0.7232647515265546,0.877080764476901,0.7158858883833977,0.7463131037847618,0.8208075086843507,0.9284703078280948,0.8955737334062183,0.9056957934649909,0.6111935854382766,0.7795599477923203,0.9437726926356084,0.8401973828642144,0.7004102471557968,0.7464134239057201,0.7904267520160048,0.7909601399131907,0.6991781169925984,0.8808814943417914,0.9058047293472737,0.7998113167902684,0.845260753588048,0.8480475694307104,0.8401973828642144,0.848803316442257,0.9340189254363237,0.9032941991614004,0.8866319914332211,0.8274970371724638,0.8651851866828084,0.7209796397035245,0.910216788844225,0.9238789207180648,0.8306131638928163,0.6337052848555587,0.5241702314498351,0.8827035206208719,0.6504265597650912,0.691095061816377,0.515722870364158,0.8278856276887017
HMV23/000059/0923/11,0.6854107348107606,0.8781852351693938,0.7845402293841697,0.7635857050544156,0.8610749989548064,0.7418653163584367,0.6956636392254671,0.7676105860645929,0.8508657556323628,0.7311117284448374,0.9999999999999999,0.988613342579435,0.731145261052683,0.7810575879855188,0.6637412270408243,0.7526584934545673,0.6091125978561579,0.6851614443208576,0.8761072026365708,0.793453723662638,0.8155357139010085,0.8891574390206458,0.715642382257482,0.7861748096931018,0.7786000863565683,0.898741970538032,0.6733867198010848,0.8391692905645797,0.6856898457963502,0.745153412649828,0.7023921576623136,0.7740452179838718,0.6967911989585163,0.9252793353148989,0.9906794033132441,0.9902759390670397,0.7948708447106871,0.7810575879855188,0.6416419281591264,0.7573303521707275,0.8141486695695316,0.7349726347371904,0.9031397573898499,0.8684217653064091,0.9252793353148989,0.8784564476014726,0.8150332348973078,0.7382559857090946,0.8328739001033953,0.8012238442053874,0.8190795318560337,0.9253689988105851,0.621980128554568,0.7834905476228256,0.8395206111478518,0.8402318132814532,0.775397341374336,0.7989282454901291,0.8857995228458347,0.8995514101705765,0.7100961022164942,0.7645548716079699
HMV23/000059/0923/12,0.6967145313332249,0.8812425150002335,0.7832880271906516,0.7653250061583889,0.8847127898995185,0.7365497355234878,0.7037650895530138,0.7573386299409269,0.8550031196532514,0.7493822687791164,0.988613342579435,1.0,0.7477473600594184,0.7918435484921956,0.6934597486804025,0.7496834446935992,0.6306530353008627,0.681885468921282,0.8734612714774085,0.7865120223530431,0.8134709084726707,0.9035222006038864,0.730837283624544,0.784906918271684,0.7842323465739496,0.9100324876635287,0.6935651628206709,0.8533168520143517,0.7087096506953419,0.7539275154399189,0.7081673934888268,0.7807992739675885,0.7172690163830906,0.9227890763620906,0.9816063341120563,0.9982552535512913,0.8024781071535332,0.7918435484921956,0.621805913137945,0.7421087511975704,0.8227802805810625,0.7499438644266441,0.905305602826143,0.873172715944437,0.9227890763620906,0.8797909229222459,0.8096702152812498,0.743525893648191,0.8382710873631408,0.7943542968162663,0.818389179496794,0.9302395822414168,0.6579187322699923,0.7932267337630774,0.8424966162473029,0.8539853477730475,0.7886392701008946,0.788762898168069,0.8944302861629914,0.9018001538450325,0.7224104994075683,0.7676208014542883
HMV23/000059/0923/13,0.8965988507666499,0.7861272358738988,0.7888343960398512,0.7958666905301401,0.7518023102369651,0.6597015010247337,0.7782138105921633,0.7008726119458223,0.8274173597125114,0.7459422095295316,0.731145261052683,0.7477473600594184,1.0000000000000004,0.8938625276175276,0.8286438698036767,0.7364114359989504,0.6986685688663871,0.6210292075356129,0.7622043149000887,0.7225822266757819,0.7731469302808327,0.8298251804405556,0.9037876910520124,0.7875181602862058,0.6793974344284942,0.7579450984764724,0.8262054979006261,0.7526831364832075,0.7205428885105303,0.7970089309996768,0.6004919129173234,0.700927709944544,0.7359821760591055,0.7396025367822749,0.7056285244801708,0.7383349549699523,0.9136381020991177,0.8938625276175276,0.7045754542725905,0.6868519895669898,0.7821595005819056,0.7607330406682183,0.7290855451249924,0.7312392212062455,0.7396025367822749,0.7302371089648952,0.7714307450840567,0.7527027266355075,0.736595123922188,0.7627232905412978,0.7828729767167525,0.7323456435916539,0.7551959328168997,0.7754336469621296,0.7966302796577458,0.6378637823372633,0.5414693226080334,0.7470620185998205,0.6746264026615834,0.6727290292478164,0.5214545020967513,0.6509461294125671
HMV23/000059/0923/14,0.8652552266384895,0.8463883405140364,0.8891919823205933,0.810803563681236,0.7922648370031744,0.8340562493432914,0.8325523473960492,0.7995617400836066,0.8674636194706714,0.7909601399131907,0.7810575879855188,0.7918435484921956,0.8938625276175276,1.0,0.8407803833050717,0.8037889155757576,0.7856740420203461,0.7691404929573193,0.7713406450172504,0.8161946866401664,0.808621110782814,0.8402893442478746,0.8656430802734836,0.887809251145004,0.742776235376703,0.8114966381693465,0.8367364996523677,0.8332582243219429,0.7835213119778472,0.8384469349951916,0.7333593173391538,0.8142882450444197,0.7697508736179903,0.8113398237806152,0.7721779377022463,0.7847067819934743,0.9896654336745134,1.0,0.6705706566336088,0.7315930412035138,0.8716240328162412,0.8320465501200431,0.8079695466365868,0.83102017720496,0.8113398237806152,0.8400287900554341,0.810084380222387,0.8193043697765153,0.8585828153790063,0.8799866441326523,0.8731971610122606,0.7463113119767398,0.7614980788683903,0.8363665315276456,0.8228118481195202,0.7025359582498257,0.6151276430731658,0.8199565192928657,0.6659579992912928,0.6761152490020347,0.6408804885839005,0.798031534038761
HMV23/000059/0923/15,0.7845865915567246,0.7889810958381439,0.8426077917972055,0.7398198660237296,0.7625231509125088,0.7490908533673246,0.8910260487103513,0.7876911936861732,0.8703570359884991,0.8025777049832324,0.6637412270408243,0.6934597486804025,0.8286438698036767,0.8407803833050717,1.0000000000000002,0.7922080643782389,0.8011639608078223,0.7450841659797393,0.7254413984351307,0.7499717034592944,0.7953934722876491,0.7849504615238249,0.7849445394638459,0.8393608513882148,0.7107455613935297,0.7112545770630165,0.8606884645142647,0.825561928058439,0.7257099078116326,0.8333395587624087,0.684723309873406,0.77947474359504,0.7518432544947762,0.7664857906674053,0.6513470400117017,0.6854312998549728,0.8307733641363062,0.8407803833050717,0.6863325655248337,0.7378863527826975,0.8915319138211102,0.8560404261739235,0.7869976621540113,0.7988424643691322,0.7664857906674053,0.7941118858599434,0.7887823991266504,0.8309210777771076,0.8157486162237935,0.8192559152248219,0.8352507632816232,0.6961746362848995,0.7935384122339709,0.843314573633687,0.7786160780728903,0.6469702950976435,0.5587824979473637,0.7823447916616267,0.605685331624974,0.6133053875637088,0.55379386341945,0.7593348193043038
HMV23/000059/0923/16,0.6544759767532824,0.8003535320999957,0.8591238860171682,0.7717650971527483,0.7097294548424673,0.8325874021197994,0.8678262156069086,0.8593026723586822,0.8576607191991841,0.8845800587326557,0.7526584934545673,0.7496834446935992,0.7364114359989504,0.8037889155757576,0.7922080643782389,1.0000000000000002,0.8427563372116371,0.7562908939511825,0.8399729986135783,0.8667296588598289,0.8897663150078898,0.8272387211297815,0.668816021559353,0.8584874317785571,0.6999977255544548,0.7172317633988287,0.813216039393096,0.8839110508610583,0.8148219784387143,0.864492255838466,0.6279777390317808,0.7997628536157434,0.8591605099580135,0.8456203871115662,0.7461216924189285,0.7502534508759792,0.7907392571915105,0.8037889155757576,0.7123378335071069,0.8280695596981988,0.8879784469506736,0.869003583490433,0.8409957558200025,0.850934574314307,0.8456203871115662,0.8553140170867432,0.8885633511692678,0.9026476396354116,0.8827789726561492,0.8608648981291329,0.8938589628342254,0.7272441946276468,0.8116638401132903,0.8749870405362432,0.841991981767297,0.6242449887140193,0.511017941615623,0.9166042468867232,0.637692333955313,0.6878400386905764,0.5195812691071023,0.8433452164523514
HMV23/000059/0923/17,0.6626864115779513,0.7317257318992044,0.8429067295502286,0.7062961909367691,0.6455713705316518,0.8200220026155618,0.855333057664961,0.8109465838662245,0.7732160461062514,0.8542325346899546,0.6091125978561579,0.6306530353008627,0.6986685688663871,0.7856740420203461,0.8011639608078223,0.8427563372116371,0.9999999999999993,0.789760224841732,0.7004923885606086,0.7938506802145544,0.7985244485206214,0.7400959862071987,0.6755845916295294,0.8423450022497525,0.6777990366473176,0.6822647257494789,0.7457483708005003,0.8260829768038347,0.7782971225463055,0.8249591432040906,0.6718385194967159,0.7754236131530898,0.8122132665031288,0.7562088143223817,0.6095828470781034,0.6299843254321565,0.776757389082972,0.7856740420203461,0.6416396482323581,0.7248276209137088,0.8365534642746913,0.8077857593401774,0.7496631279986857,0.7929076399226209,0.7562088143223817,0.7927010213697371,0.785818201242018,0.8228228303322636,0.8526960248380969,0.7948012642304974,0.7817624580688203,0.6083477425996798,0.8231640493330828,0.8492113049736683,0.7557343257473133,0.5796901589039829,0.4956807962321639,0.7785048868920633,0.5360585912113008,0.5411891804439093,0.533957377645911,0.8312718869624922
HMV23/000059/0923/18,0.646907833902644,0.7715332687175922,0.8614800151647914,0.6170863303105276,0.6880694809811219,0.9020793509715811,0.8553968174027244,0.8333565003141208,0.7996531228568136,0.7477083006072823,0.6851614443208576,0.681885468921282,0.6210292075356129,0.7691404929573193,0.7450841659797393,0.7562908939511825,0.789760224841732,1.0,0.6980422172630851,0.7811431206832303,0.7585004196677393,0.6800283436335728,0.6427296848966787,0.8599297749865888,0.7650633836615616,0.6865785198895021,0.5907593129524994,0.7947702744736385,0.6110045528666572,0.8031662648153886,0.7794218466518966,0.8251641543659505,0.6648387214838247,0.7953733716650506,0.6909910946139783,0.6795696416967582,0.7634129249461565,0.7691404929573193,0.5665775653254527,0.7036242185786797,0.8512658303600802,0.7769030320507637,0.8030693030506056,0.8391564203435061,0.7953733716650506,0.8405765497442825,0.7411107402919381,0.7067450740777363,0.8905929935855422,0.8401635233999681,0.8082206666988803,0.6829211431985228,0.618083828207275,0.8051665283169508,0.7693796079718355,0.7278720945601515,0.6597079516539578,0.7607597703580022,0.5926118865850891,0.5883313595594539,0.6882247309773178,0.9149927878167727
HMV23/000059/0923/19,0.6703448914218904,0.8145109230999366,0.8201094743797606,0.8120180586204184,0.7936850315960545,0.7544355624476915,0.8024484563585685,0.8435409922130566,0.8850236242576753,0.829193028490504,0.8761072026365708,0.8734612714774085,0.7622043149000887,0.7713406450172504,0.7254413984351307,0.8399729986135783,0.7004923885606086,0.6980422172630851,1.0000000000000002,0.8601448790862932,0.8999679002068569,0.8886062191194697,0.7323410954033679,0.821289634380046,0.7528375071607427,0.8111971836893027,0.7705301271936293,0.8782923094387741,0.7618336634563989,0.8319153625352356,0.6175218419963111,0.7664514964025674,0.8240326541241891,0.9006303263294472,0.8545208294768961,0.8739596135848364,0.7765314598120153,0.7713406450172504,0.6968252541076394,0.8614865865754467,0.853043125310797,0.7779469621611459,0.8856773034624692,0.8705493264099706,0.9006303263294472,0.8713375255911852,0.8967580917855987,0.8309781011218239,0.8491026699024198,0.7972158921101912,0.8411567001993617,0.8551310346985853,0.7241298402276644,0.8640665982079511,0.8648305257108686,0.742525091869215,0.6303618914168898,0.854256914416553,0.7734462129705869,0.8278608613906449,0.5651329112955924,0.7812299149836037
HMV23/000059/0923/20,0.6773688475909494,0.8161698937854368,0.8824300029025788,0.7890221642957332,0.7374888877393768,0.843708768772627,0.8472945462361802,0.8625429472856485,0.866644113260329,0.8465672409157037,0.793453723662638,0.7865120223530431,0.7225822266757819,0.8161946866401664,0.7499717034592944,0.8667296588598289,0.7938506802145544,0.7811431206832303,0.8601448790862932,1.0000000000000002,0.8998116763655152,0.8541881972088832,0.7060584871261506,0.883612378837591,0.7369933552702684,0.7540697655475986,0.7927795065033885,0.8747444578549799,0.8216662495588354,0.8877853195780339,0.6889196483444648,0.8066432551225073,0.8540189529917088,0.8657578122205987,0.7835653024449581,0.7850093257226994,0.8175363660675476,0.8161946866401664,0.684355726662522,0.8458386959537667,0.8867569260913389,0.7832588330405991,0.8550921211815666,0.8886019119450217,0.8657578122205987,0.8887310563402953,0.9027306549134684,0.8625229952149925,0.9067610548412071,0.8908457243576136,0.8971729251844498,0.7650351158846707,0.7583316263129958,0.8437810416062463,0.8445287794679617,0.6915534524671025,0.5864650421560491,0.8889707823084316,0.6538436491616106,0.7152504079571119,0.5866160047515293,0.849810331035249
HMV23/000059/0923/21,0.7423582825036212,0.8225414295833074,0.9098937300541042,0.8604911501066687,0.7443035923655034,0.8044392054379251,0.870312392850725,0.906722214641282,0.9263923540680353,0.9449406497300132,0.8155357139010085,0.8134709084726707,0.7731469302808327,0.808621110782814,0.7953934722876491,0.8897663150078898,0.7985244485206214,0.7585004196677393,0.8999679002068569,0.8998116763655152,1.0,0.8788044247282678,0.778762852827021,0.9090701316367829,0.7678530469734001,0.7865127299611189,0.8260638223714747,0.9300287838925401,0.8449779754569249,0.9107655909255755,0.6436666533709754,0.8032423561673923,0.910830968235836,0.8968179909799473,0.7820342396862633,0.8104010058561937,0.8132186025933122,0.808621110782814,0.6954524687365021,0.9335302101896339,0.9182721737761516,0.7850134988575725,0.891452862140464,0.8729643882250339,0.8968179909799473,0.8786174736892871,0.9956175232046917,0.9195439916575499,0.8992168312015214,0.8803621150829455,0.9046654671142856,0.7810079940238127,0.8277506798561669,0.9199499717427096,0.8591234032901738,0.683656542854014,0.5715680339388254,0.9208358635581573,0.6930688966486774,0.7425485266988767,0.5400215072153411,0.8500084812057145
HMV23/000055/0923/1,0.7491568843380753,0.8998162307754068,0.8528574719444473,0.8270138818529401,0.8697772130043662,0.7785481455011791,0.7986602854640782,0.7972753434071752,0.8863043274933813,0.8258025272691619,0.8891574390206458,0.9035222006038864,0.8298251804405556,0.8402893442478746,0.7849504615238249,0.8272387211297815,0.7400959862071987,0.6800283436335728,0.8886062191194697,0.8541881972088832,0.8788044247282678,1.0000000000000002,0.7803010754612885,0.8542739954411901,0.7858636519111203,0.881839210477921,0.8253358741041025,0.8857214498414813,0.784400126368396,0.8265299737051951,0.7073362689426589,0.8167933153440402,0.8143632745861996,0.899861784754941,0.8814479443181582,0.9005180382910041,0.848273307807089,0.8402893442478746,0.6177112826074209,0.7890673847810251,0.8659926088620483,0.8100956970367215,0.8891818101175251,0.8810770256080597,0.899861784754941,0.8824807051247376,0.8681882333692394,0.8389905045094961,0.8584189117326451,0.8274305954841217,0.8610728736219291,0.8714343079694065,0.7609958586805323,0.8217014379737585,0.843055388268882,0.7694465051028707,0.6870385901742604,0.8172888179502782,0.8052648209667119,0.8154206969115598,0.6452104393098704,0.7985116294165555
HMV23/000055/0923/2,0.9710506677194416,0.7609522193408185,0.7737389507769786,0.7743476325889532,0.7257478720294354,0.640035133250919,0.7521106598495377,0.7049780875675136,0.8224883474551252,0.7232647515265546,0.715642382257482,0.730837283624544,0.9037876910520124,0.8656430802734836,0.7849445394638459,0.668816021559353,0.6755845916295294,0.6427296848966787,0.7323410954033679,0.7060584871261506,0.778762852827021,0.7803010754612885,1.0000000000000002,0.7714088491476182,0.6842323898152382,0.74633859113619,0.7624654150188509,0.7429075287544589,0.7083259616878064,0.7637480775908615,0.6022772917578932,0.659571142349752,0.7228907764632062,0.7451350555889865,0.6817414954198302,0.7216697561427116,0.8731395941028378,0.8656430802734836,0.6353095599066663,0.714111612248099,0.7584919038883375,0.6957686227259363,0.7201886611252859,0.6933218493803331,0.7451350555889865,0.7018616601370534,0.7808893144623051,0.7354363075562599,0.7237771785083037,0.7871187511844547,0.7651431436932549,0.7047811846181713,0.7022235908491922,0.7682339126090799,0.7620914845397128,0.6288048456134494,0.5421269448897865,0.7003867815562612,0.638250355499824,0.6493443656617204,0.527246098872223,0.6425318473611389
HMV23/000055/0923/3,0.7682930858209492,0.8831123087472152,0.9992945400136385,0.8300904096211278,0.7730364237781221,0.9035662869402604,0.8954546091232348,0.9079909030030663,0.9032628099628501,0.877080764476901,0.7861748096931018,0.784906918271684,0.7875181602862058,0.887809251145004,0.8393608513882148,0.8584874317785571,0.8423450022497525,0.8599297749865888,0.821289634380046,0.883612378837591,0.9090701316367829,0.8542739954411901,0.7714088491476182,1.0000000000000002,0.8437679272789397,0.8136490308488161,0.8076853287478676,0.879701506912527,0.7800790528596204,0.9234314890510504,0.7918701146870627,0.8874440678211055,0.8246874027251723,0.8741382991946246,0.7688497473797679,0.7771941421768398,0.8894173786250675,0.887809251145004,0.6767074473304996,0.8482000120905301,0.9365336233886228,0.8168411212395126,0.8627108594444199,0.8869846331935437,0.8741382991946246,0.8931907277174634,0.8941880442369715,0.8675868150623277,0.9451499737226795,0.9245607348794,0.901504270551363,0.7491006758363576,0.7643944973856677,0.8929902856736976,0.844509631307066,0.7189160908850722,0.6363974542790707,0.8645357551826744,0.6584620666590058,0.658009815691131,0.640286351348162,0.9063519669536015
HMV23/000055/0923/4,0.6540864567945985,0.8472251226726595,0.8401710434231224,0.7189174200151035,0.8805883901674865,0.7985273826760156,0.7649484701093883,0.7467777041447181,0.7805457713104439,0.7158858883833977,0.7786000863565683,0.7842323465739496,0.6793974344284942,0.742776235376703,0.7107455613935297,0.6999977255544548,0.6777990366473176,0.7650633836615616,0.7528375071607427,0.7369933552702684,0.7678530469734001,0.7858636519111203,0.6842323898152382,0.8437679272789397,1.0000000000000004,0.8704336867285635,0.6306745510298116,0.7648829895688323,0.6402622972715476,0.7680403437440332,0.8727922595271923,0.8742653683237767,0.6843218669379547,0.8177518902432647,0.7686057927297163,0.7747045188443332,0.7439601556889331,0.742776235376703,0.4948322681607955,0.7137131176481523,0.8070778192661521,0.6469052883397822,0.8069254653577614,0.8638307871238979,0.8177518902432647,0.8671614405709889,0.7474173492580461,0.7060107913796739,0.825284969372637,0.7841467463527266,0.7438984887092701,0.8257531739468535,0.6065971333282906,0.7494097279022732,0.751008968809426,0.8660795870352815,0.8437070076234199,0.6860273069352973,0.8054217664649688,0.7619791641565262,0.8255817475098973,0.7740550821402812
HMV23/000055/0923/5,0.7074199210203427,0.9057264344199933,0.8082526396891314,0.8339598892977947,0.9122759133541476,0.7764397616844029,0.6977366236676922,0.741644331056076,0.8263155070522814,0.7463131037847618,0.898741970538032,0.9100324876635287,0.7579450984764724,0.8114966381693465,0.7112545770630165,0.7172317633988287,0.6822647257494789,0.6865785198895021,0.8111971836893027,0.7540697655475986,0.7865127299611189,0.881839210477921,0.74633859113619,0.8136490308488161,0.8704336867285635,1.0000000000000002,0.708242960926912,0.8226765888341193,0.7318819520075132,0.7575916404690567,0.8163616613250638,0.8419478120486034,0.7146917772461426,0.869946021267034,0.8909942092441279,0.9042757337529256,0.8161222824498756,0.8114966381693465,0.5455486268014683,0.7040096428908155,0.8150038651494566,0.7110152230518384,0.8542535843572205,0.8723812233683802,0.869946021267034,0.8805981162533422,0.7710473892477365,0.7326771556260402,0.8244149202412004,0.7853642834858915,0.7629487439426994,0.8823649128193884,0.6838940207587152,0.7990602504941015,0.813493764246065,0.8800708150859616,0.8422939782302161,0.7329060703343504,0.8722408978488302,0.8387633668940695,0.8083069067717902,0.7641038717667961
HMV23/000055/0923/6,0.7502629656858014,0.7446716979104272,0.8071323308316449,0.8258878237139959,0.721556575616479,0.6773350279248944,0.819583026159982,0.7586612936907601,0.8508913077763799,0.8208075086843507,0.6733867198010848,0.6935651628206709,0.8262054979006261,0.8367364996523677,0.8606884645142647,0.813216039393096,0.7457483708005003,0.5907593129524994,0.7705301271936293,0.7927795065033885,0.8260638223714747,0.8253358741041025,0.7624654150188509,0.8076853287478676,0.6306745510298116,0.708242960926912,1.0,0.8078789495430487,0.8162706629185439,0.830736396192173,0.5660436336377186,0.6969376204575787,0.8157663948864803,0.7270437760446046,0.6425069402640732,0.6867942783428467,0.8357219868463958,0.8367364996523677,0.6763063995106667,0.7722147022218611,0.8483277037815231,0.8019726723534716,0.7507323374960412,0.7451869995435056,0.7270437760446046,0.7453285939365911,0.8318197317332864,0.8800224477119278,0.7651236790645668,0.7882201577314327,0.8284841251563899,0.6641693161097597,0.8299420555093047,0.8134963683065846,0.7569413324087828,0.5390631577518952,0.4381158928566854,0.8049607994964068,0.5845574081469044,0.6321362126226375,0.42860752049257567,0.6723312895382523
HMV23/000055/0923/7,0.7071369670838509,0.8583488286707269,0.8821318238188119,0.7897436814800218,0.8183815131213888,0.8624564719648462,0.8871465626884617,0.9204962089588302,0.9255775297637215,0.9284703078280948,0.8391692905645797,0.8533168520143517,0.7526831364832075,0.8332582243219429,0.825561928058439,0.8839110508610583,0.8260829768038347,0.7947702744736385,0.8782923094387741,0.8747444578549799,0.9300287838925401,0.8857214498414813,0.7429075287544589,0.879701506912527,0.7648829895688323,0.8226765888341193,0.8078789495430487,1.0000000000000004,0.8556174336073686,0.8663281108786374,0.6969032005663434,0.839081124018636,0.8992441857247375,0.9427330486121682,0.8286059330076413,0.8540617860070615,0.8288232514256048,0.8332582243219429,0.7000589728733969,0.887912230886054,0.9344193844949769,0.8556045112714862,0.9603340458927871,0.9265213754208591,0.9427330486121682,0.9295372762948813,0.924065453574267,0.8886031616398298,0.9212433655460501,0.8899183799268856,0.9198245279464973,0.8461686673828697,0.8525891993445448,0.9313447510689541,0.8845464532840865,0.7660362069315578,0.6583417913198673,0.8909223595119223,0.754125840531565,0.7971109358230575,0.6311136170996496,0.8744144707287469
HMV23/000055/0923/8,0.6708243408148721,0.7232596703077809,0.778936420151362,0.8116440943935719,0.6687375775920763,0.7416346913956812,0.7635785385991732,0.8160030276297741,0.7889103082590789,0.8955737334062183,0.6856898457963502,0.7087096506953419,0.7205428885105303,0.7835213119778472,0.7257099078116326,0.8148219784387143,0.7782971225463055,0.6110045528666572,0.7618336634563989,0.8216662495588354,0.8449779754569249,0.784400126368396,0.7083259616878064,0.7800790528596204,0.6402622972715476,0.7318819520075132,0.8162706629185439,0.8556174336073686,1.0000000000000002,0.8269331586079671,0.5711848069035462,0.7045336323210435,0.9367120263343492,0.756551792293284,0.651613112864743,0.7030078256512069,0.7680088269176786,0.7835213119778472,0.6300006630327918,0.81790049477575,0.8207290012065354,0.7207502190754479,0.7636504435007532,0.7725164450267297,0.756551792293284,0.7724448048275698,0.8472225106986151,0.87938270447449,0.7898652286830088,0.7776103688321451,0.8037882379571563,0.6844389477867546,0.939995240347916,0.8304488584048312,0.7655114245203057,0.5570114789819622,0.45334294761302024,0.8182507034597865,0.6020459897828868,0.6575774525608956,0.4697400892962477,0.704651824596805
HMV23/000055/0923/9,0.7458379774160984,0.8212491745728009,0.9226608805609874,0.7977850980561648,0.7237724166509929,0.8291355536543316,0.8952168513484885,0.8657392668518067,0.8859676737532926,0.9056957934649909,0.745153412649828,0.7539275154399189,0.7970089309996768,0.8384469349951916,0.8333395587624087,0.864492255838466,0.8249591432040906,0.8031662648153886,0.8319153625352356,0.8877853195780339,0.9107655909255755,0.8265299737051951,0.7637480775908615,0.9234314890510504,0.7680403437440332,0.7575916404690567,0.830736396192173,0.8663281108786374,0.8269331586079671,1.0,0.7189300703301086,0.8429892700632557,0.8676390915991086,0.8274834313741432,0.7204632744995184,0.7485540413254762,0.8416032495118513,0.8384469349951916,0.7275265203659733,0.8422916962818222,0.9128063392070855,0.7946187214869189,0.8245582975557972,0.8569072187622684,0.8274834313741432,0.8537569490322676,0.9023125317770062,0.8674702762017172,0.8959040737410952,0.8570479071748646,0.8660160640461283,0.7148901773101525,0.8477484450758079,0.8921823108335221,0.8297291573057575,0.6552644133794256,0.5592296415520737,0.8965890768257868,0.6405990212480025,0.6677561633459926,0.5720390300267248,0.847117355088786
HMV23/000055/0923/10,0.602583978073161,0.8271717661246877,0.7882408448504289,0.582177953533094,0.8548005029513812,0.834734039092579,0.7057460134675941,0.6639211060271382,0.6893267605400972,0.6111935854382766,0.7023921576623136,0.7081673934888268,0.6004919129173234,0.7333593173391538,0.684723309873406,0.6279777390317808,0.6718385194967159,0.7794218466518966,0.6175218419963111,0.6889196483444648,0.6436666533709754,0.7073362689426589,0.6022772917578932,0.7918701146870627,0.8727922595271923,0.8163616613250638,0.5660436336377186,0.6969032005663434,0.5711848069035462,0.7189300703301086,1.0000000000000002,0.9339839052268316,0.5917881712890538,0.7304067804728802,0.7182265199853878,0.7016582478371739,0.7173315044239641,0.7333593173391538,0.40079436876707614,0.5653447862329423,0.7375222693213564,0.6148540329059758,0.7223072830629202,0.8386291641970254,0.7304067804728802,0.8423911538824297,0.6219015605257625,0.620420791914067,0.7733744231962708,0.7400594795425607,0.6778638129007453,0.7184044947432375,0.5480792360297089,0.6563585449608488,0.643589332250676,0.844825027437589,0.8443847285000132,0.630478745939506,0.7025794214647542,0.6444445719041606,0.8857911223057564,0.7923701603027247
HMV23/000055/0923/11,0.6452338687706171,0.8898692005309455,0.8857628741815599,0.6929279611765642,0.8753439100791429,0.8879028356970475,0.8186515255091172,0.7910167097627329,0.8169626558949414,0.7795599477923203,0.7740452179838718,0.7807992739675885,0.700927709944544,0.8142882450444197,0.77947474359504,0.7997628536157434,0.7754236131530898,0.8251641543659505,0.7664514964025674,0.8066432551225073,0.8032423561673923,0.8167933153440402,0.659571142349752,0.8874440678211055,0.8742653683237767,0.8419478120486034,0.6969376204575787,0.839081124018636,0.7045336323210435,0.8429892700632557,0.9339839052268316,1.0000000000000004,0.7450610034404632,0.8381207854725599,0.7799463051629335,0.7766035493236116,0.8004822839893015,0.8142882450444197,0.5468011970813369,0.7070682255578412,0.8608626226211032,0.7568910071800657,0.8355776886381936,0.9223664484579297,0.8381207854725599,0.926562740230351,0.7833766078106722,0.7822060020800634,0.880217743369676,0.8292164620478216,0.8019672795359831,0.7858207135949381,0.6945147247771902,0.7966760628547199,0.7582201284753401,0.8525064338003709,0.8146971485724455,0.7883150506901933,0.7444594896747315,0.7276312135052474,0.8355380233728406,0.886897173127869
