,HMV23/000059/0923/1,HMV23/000059/0923/2,HMV23/000059/0923/3,HMV23/000059/0923/4,HMV23/000059/0923/5,HMV23/000059/0923/6,HMV23/000059/0923/7,HMV23/000059/0923/8,HMV23/000059/0923/9,HMV23/000059/0923/10,HMV23/000059/0923/11,HMV23/000059/0923/12,HMV23/000059/0923/13,HMV23/000059/0923/14,HMV23/000059/0923/15,HMV23/000059/0923/16,HMV23/000059/0923/17,HMV23/000059/0923/18,HMV23/000059/0923/19,HMV23/000059/0923/20,HMV23/000059/0923/21,HMV23/000055/0923/1,HMV23/000055/0923/2,HMV23/000055/0923/3,HMV23/000055/0923/4,HMV23/000055/0923/5,HMV23/000055/0923/6,HMV23/000055/0923/7,HMV23/000055/0923/8,HMV23/000055/0923/9,HMV23/000055/0923/10,HMV23/000055/0923/11,HMV23/000055/0923/12,HMV23/000055/0923/13,HMV23/000055/0923/14,HMV23/000055/0923/15,HMV23/000055/0923/16,HMV23/000055/0923/17,HMV23/000055/0923/18,HMV23/000055/0923/19,HMV23/000055/0923/20,HMV23/000055/0923/21,HMV23/000055/0923/22,HMV23/000055/0923/23,HMV23/000055/0923/24,HMV23/000055/0923/25,HMV23/000055/0923/26,HMV23/000043/0823/1,HMV23/000043/0823/2,HMV23/000043/0823/3,HMV23/000043/0823/4,HMV23/000043/0823/5,HMV23/000043/0823/6,HMV23/000043/0823/7,HMV23/000043/0823/8,HMV23/000043/0823/9,HMV23/000043/0823/10,HMV23/000043/0823/11,HMV23/000043/0823/12,HMV23/000043/0823/13,HMV23/000043/0823/14,HMV23/000043/0823/15
HMV23/000059/0923/1,1.0,0.9362551460814506,0.9204358332292627,0.8807882923972927,0.8224867170188268,0.8975075804161742,0.8701175221883264,0.9017151999297893,0.9039071098448126,0.8648090742692368,0.9043735049157093,0.8919104191837649,0.9365226598544037,0.9293412339953319,0.8996761558042644,0.7066027222251609,0.6917409072446725,0.9097888603510733,0.8868956308583581,0.8414644142467665,0.8718768290298549,0.8757449037467755,0.9959097928193531,0.9231187236058054,0.9067922754966347,0.8923730800350081,0.8227478657218871,0.8582368403169419,0.8731299508201245,0.908936527404568,0.8358301339365493,0.8908813442303924,0.8632610960326963,0.8727524706848001,0.8770864413967242,0.8750486627096128,0.881082913518187,0.8839758936415705,0.8121058927963176,0.9307732817146918,0.8262546140093436,0.8361584437130524,0.8279062668118005,0.8452479288252095,0.9169412478572355,0.8886098327121804,0.8319872504319122,0.8995083432827209,0.8673141293514304,0.9134515126174709,0.8702796542077089,0.815740491645341,0.7624227716931413,0.8169813011318805,0.9149892535841496,0.8621340668320955,0.8997476917780968,0.7566144145691621,0.864498704626147,0.8645019366855482,0.8731729515670911,0.8798728869267219
HMV23/000059/0923/2,0.9362551460814506,0.9999999999999998,0.9676663462556934,0.9069378748651443,0.9154632554023102,0.9453893737607876,0.9474232981936648,0.9332499786741528,0.9667027493845396,0.8874180769516595,0.935563146258418,0.939710266472763,0.9570403871248846,0.9664540293754348,0.9680852219909375,0.6435844207309976,0.6654795500832752,0.9178147986756543,0.9505171194215886,0.928438037791506,0.863180443073028,0.9560625334287574,0.9368171181948554,0.9683552260283889,0.9486616724231142,0.9341899105367436,0.9174621456411354,0.9414627773299632,0.9118589368479249,0.9121187760315201,0.9234964421131355,0.960558414783229,0.8940255090509289,0.9520103775068963,0.9540039072373033,0.952774764367469,0.9283842538433094,0.9284326685214859,0.755863824109066,0.942260804672612,0.9081617534315106,0.8498911239936104,0.8316290843694161,0.8453419637293214,0.9733482837605918,0.9623484307205646,0.8021684410968043,0.9558067058708382,0.9567756421864719,0.9343065489161816,0.8746655843678721,0.8241195331035328,0.8410754267568787,0.8819473542248316,0.9679000503849546,0.8939566661419659,0.9620607536074685,0.7202608634910151,0.9324133189003027,0.9440763940103356,0.9013512814416207,0.9097630242842163
HMV23/000059/0923/3,0.9204358332292627,0.9676663462556934,1.0000000000000007,0.9036251775021599,0.905494034165899,0.9771595796926574,0.9440375984467226,0.9687123289654379,0.9782418788060033,0.9358036602788238,0.9375028992229514,0.9386921254025671,0.9690353234635257,0.9724132449321216,0.9678413940842591,0.6803689046760987,0.7129894604501146,0.9469219745316071,0.9689968835222149,0.926562787453797,0.8943731849735088,0.9418299112881601,0.9239857582224936,0.9992382182459324,0.966244146699522,0.9187461718891646,0.9085140264645218,0.9520197342371061,0.9513508807748238,0.9402177310998433,0.9050806769604479,0.9651788855614176,0.9450751639650383,0.9677645697681391,0.9633132502819067,0.9683676703917651,0.919566459392957,0.9265119899675085,0.7846272058416313,0.9527928471591267,0.9359356500395265,0.9052704413354454,0.8763019481003292,0.8852765946823821,0.9813935440300547,0.962933771139332,0.840728352109334,0.9700604651290742,0.9628438585866057,0.9598916716931482,0.9112806228209565,0.8534720945612236,0.8538682085100665,0.8933722616622177,0.9659481756620468,0.93951578195046,0.9813206018560828,0.7606446468856413,0.9406434995031985,0.9479043404932267,0.9131692434123933,0.9386701126858187
HMV23/000059/0923/4,0.8807882923972927,0.9069378748651443,0.9036251775021599,1.0000000000000004,0.8255357562118788,0.8909366672394031,0.8149876338824426,0.9028002491817223,0.9059512026624398,0.9139021100727457,0.9471283709627444,0.9433370939686322,0.9324994111890923,0.9033476711648144,0.8626829657626781,0.7343403539790699,0.7490369926752564,0.8360734649860782,0.8978271341865816,0.7965468951383751,0.8979273280611824,0.8856965557772202,0.892433165938869,0.9059007120566834,0.9349012890085523,0.9882619646678655,0.8259551737616564,0.8543385648086536,0.9321131002866809,0.879393238671323,0.796791605217142,0.8626689384291599,0.9167387873285076,0.8828640825017995,0.8919063163665454,0.8846975762776164,0.9361978557838141,0.9431053446052824,0.8299998836096298,0.90709708923178,0.8402963786998142,0.8928250219410561,0.8798916860180782,0.8963168496338392,0.9144938807818563,0.8493212224567389,0.8650287563910787,0.9066968284436954,0.8569847610457451,0.9191150059612749,0.8983563133207076,0.9004408189818434,0.8431340305543487,0.8879229802660022,0.8833687823162836,0.9189166269733184,0.9069392732522196,0.7966548266183006,0.8967513818546196,0.8751486029563058,0.9230866571048906,0.8533095472443988
HMV23/000059/0923/5,0.8224867170188268,0.9154632554023102,0.905494034165899,0.8255357562118788,1.0000000000000004,0.8669596028394754,0.9577935475227596,0.8534613903083247,0.9501292834486704,0.7892763362053182,0.8465521692582425,0.8822402150090227,0.8825597643738977,0.9110022384067528,0.9318595799890029,0.4252409718347106,0.4376576681522089,0.836169986453582,0.93153737044725,0.9564308182168487,0.7015448537501067,0.9686058224812997,0.8259505723554091,0.9017314259239816,0.9053816895456074,0.8751492691582871,0.9971914095058081,0.9597352630422445,0.8451607655223655,0.801026790131205,0.9733255802505013,0.9460871303833531,0.821597301622036,0.9606935670973622,0.9461082749432796,0.9584867771858352,0.8542042787005756,0.8661078263332228,0.5509743174596498,0.8480835732680356,0.9617105815752187,0.7695812435611593,0.6993345413358307,0.7081307412568437,0.9379485541503202,0.9399217221024962,0.6236190013517916,0.9105411368396557,0.9607650839179435,0.8477984295837637,0.7568328965697948,0.7313932347562849,0.9035947820698371,0.9046655139869666,0.9330521543045954,0.8241920046470878,0.9315906972432654,0.5469295085183687,0.9514626681367153,0.972534867446243,0.8642506807332392,0.7859786974746809
HMV23/000059/0923/6,0.8975075804161742,0.9453893737607876,0.9771595796926574,0.8909366672394031,0.8669596028394754,0.9999999999999999,0.9163339911604249,0.9681320887798618,0.9584485632218064,0.9459663672017904,0.9361657056183265,0.9314462103553124,0.9513285158961692,0.9605308532227879,0.959745286810912,0.7262880266933505,0.7456808411266812,0.9464247470522057,0.9643884134887846,0.9059101074484857,0.9110382700953725,0.9251221483366785,0.9009998986706789,0.9787642995110066,0.9555274059219998,0.9048793103858878,0.8680476653911072,0.9380623222793822,0.9618116162715492,0.9313648461187207,0.8737296065611939,0.9395898412462591,0.9544579466630791,0.9510498798351598,0.9533828644970828,0.9518308520285597,0.9230699468721517,0.92161812905397,0.8050358334692244,0.951332849379314,0.9149331708592229,0.9082013534938636,0.9095230795165298,0.9132366253699197,0.9618031607099413,0.9535769315510298,0.8631012599916968,0.9590780827632699,0.9422998646464541,0.9530021788990882,0.9208168606896495,0.869781306959568,0.8306440515237772,0.8804321101147372,0.9509315130916782,0.9492231810896654,0.9625968850795472,0.7972645264843947,0.9192650675659769,0.9198529438339306,0.9060297153963415,0.9578547121687452
HMV23/000059/0923/7,0.8701175221883264,0.9474232981936648,0.9440375984467226,0.8149876338824426,0.9577935475227596,0.9163339911604249,0.9999999999999994,0.8954890798163287,0.9614841070204536,0.83214695305727,0.8482402671460044,0.870757822111667,0.9084312811691412,0.9439109899709103,0.9702976045946192,0.4911508808456661,0.5332145824261111,0.8985528679314937,0.9367083818060672,0.9712565913470734,0.752392732587333,0.948588081947946,0.8678356259335894,0.9426935360306604,0.9124501060709445,0.8562295570716905,0.9614477267452789,0.9612002899365153,0.8703914583151975,0.8624577600457192,0.9722915779913199,0.9827303776112324,0.8532232212601919,0.9587739602635084,0.9407674996943288,0.9564653185842492,0.8444728355600141,0.8510531124422043,0.6102573183583907,0.8909370755536845,0.9382624270428689,0.7917049687054378,0.7387137306077094,0.7459648375594051,0.9586692075059221,0.9761111971532869,0.6751853257899837,0.9395921324345659,0.9748513748005261,0.8745043300261481,0.7828434838925002,0.7187599649266457,0.8288212874461496,0.8485573775097409,0.9565918766666806,0.8549483525381534,0.9510622861676253,0.5807124163723858,0.9157204655023803,0.9542471863149476,0.8343930614322547,0.8564689053430277
HMV23/000059/0923/8,0.9017151999297893,0.9332499786741528,0.9687123289654379,0.9028002491817223,0.8534613903083247,0.9681320887798618,0.8954890798163287,1.0000000000000002,0.9479230590697877,0.9472785304305391,0.9370131794613504,0.9267640056766767,0.953031791782254,0.9498845189699828,0.9348664445005467,0.735300624230326,0.7653707142271763,0.9363097178009818,0.9471285801134199,0.8669374086140664,0.9218321779039567,0.8994881411799232,0.9085622630565191,0.9699055455300897,0.9473687742177523,0.9082487584489931,0.8571528427945962,0.9253220583494479,0.9626572952894963,0.9360952810238088,0.8442964328496955,0.9245091336249949,0.9618989772571045,0.9423035943132381,0.9433863577687083,0.9438803099522876,0.9093460397557359,0.9171960798618692,0.8072861171019827,0.9441754488256557,0.8962823984599042,0.9566077504762791,0.9111646905020478,0.9211177770717226,0.957650284973906,0.9222657185548195,0.8820046964754537,0.9524472744315994,0.9187416585470525,0.9596705235474523,0.9336701582088031,0.8844678623322568,0.8206481048572231,0.8733962209220243,0.9251553328197196,0.9564837461437825,0.9635622292483825,0.7970058956017737,0.9099849169023888,0.905995892907194,0.9030641299574873,0.9395135099916726
HMV23/000059/0923/9,0.9039071098448126,0.9667027493845396,0.9782418788060033,0.9059512026624398,0.9501292834486704,0.9584485632218064,0.9614841070204536,0.9479230590697877,1.0000000000000002,0.9089645947538166,0.9360174895965702,0.9449618593785969,0.9618888507808289,0.9733794223136242,0.9823120377283993,0.6400045465709111,0.646660474983723,0.9290711617057306,0.980671531910362,0.9532138449534158,0.8607168967367654,0.9707281383190076,0.9090809263208293,0.9768864881446417,0.9637739584085532,0.9283988026349359,0.9528731556199997,0.9741526661349258,0.9377682913929901,0.9150973023177431,0.9391855168614025,0.9729312585009088,0.9224681593806642,0.9816866914290844,0.976051694061657,0.9810029940995649,0.9267417483739213,0.9331976188124885,0.7417220353352725,0.9456963616271885,0.9584061060409093,0.8866029658356763,0.8514431928821612,0.8608226969026658,0.9928633503902504,0.9782335235582451,0.8023823534213885,0.977500104872107,0.9768453803402601,0.9520972436556562,0.8939017813461774,0.8444022613433971,0.8854302067515707,0.9187344027841543,0.9778267176211782,0.9193743473613153,0.9874306249580574,0.7182343195359584,0.9595661004256778,0.9733686491971034,0.9188587254599686,0.9073076027972444
HMV23/000059/0923/10,0.8648090742692368,0.8874180769516595,0.9358036602788238,0.9139021100727457,0.7892763362053182,0.9459663672017904,0.83214695305727,0.9472785304305391,0.9089645947538166,0.9999999999999998,0.9257045050668137,0.9248833070713525,0.9417673384350751,0.9225040447030975,0.8833268292723998,0.7942864519483268,0.8434599496103948,0.906692825912852,0.9171960692800498,0.8084401661673817,0.9413712344828085,0.8538437882652039,0.8763847503371714,0.9371253439158597,0.9342294825567254,0.8992337005008002,0.7929607819868901,0.8785422627071323,0.9801161759109138,0.9456777999216504,0.7696022239003546,0.8806511272307552,0.9875277060729941,0.8959014817309117,0.8978817325436957,0.8964936292797546,0.9052666953863999,0.9199785615106822,0.8633240998159818,0.9346146226381703,0.8592203637043883,0.9461277684841934,0.9476303291383534,0.9498646982378952,0.9181961498114097,0.8665640738219013,0.9160289423013004,0.9281961275757457,0.8723490013660411,0.9451414167506477,0.9465760311818396,0.9074935082758853,0.8073938653301819,0.8619823933141567,0.8942468131327275,0.9845288522552149,0.931736508235044,0.8349903975894588,0.8800904496178533,0.865219905266874,0.8985081365798591,0.9273144564101534
HMV23/000059/0923/11,0.9043735049157093,0.935563146258418,0.9375028992229514,0.9471283709627444,0.8465521692582425,0.9361657056183265,0.8482402671460044,0.9370131794613504,0.9360174895965702,0.9257045050668137,0.9999999999999999,0.9852921443809013,0.9625300059814726,0.94074399403538,0.9110294197007053,0.7700645551549673,0.7559717407570303,0.8954727581047089,0.941099564231379,0.8459869701621153,0.9289614328891102,0.9196347585948724,0.9125596965321956,0.9376626174669306,0.948855210728026,0.9488845653151411,0.843381205434723,0.8955993319245674,0.9438987412109873,0.9059711381558923,0.8213258712832266,0.8820201328168225,0.9306861208483942,0.9184971316251974,0.9347656436494374,0.9211107652395596,0.985817547945955,0.985766337867654,0.8587183012209729,0.9492474468027695,0.8846952029859108,0.9152919845529913,0.9173158865920326,0.9300829256120429,0.9390858673197829,0.8966123751036453,0.8977738566811613,0.9278772305331785,0.8923424754513618,0.9553310632361713,0.9458857658828946,0.9327814106069969,0.87359717790089,0.92104685446225,0.9169647143339064,0.9264944603438268,0.938831797588444,0.8264890974533451,0.9252594068153145,0.9015041478925175,0.9565293612806638,0.9008545254322711
HMV23/000059/0923/12,0.8919104191837649,0.939710266472763,0.9386921254025671,0.9433370939686322,0.8822402150090227,0.9314462103553124,0.870757822111667,0.9267640056766767,0.9449618593785969,0.9248833070713525,0.9852921443809013,1.0,0.9539136440772252,0.9407472428794424,0.9188044095454119,0.7256714392934477,0.730333319415884,0.8922652520469283,0.9515049294110397,0.8691983507055525,0.9055399295437389,0.9411839056184395,0.9013760499108243,0.9391380854582945,0.9561480376456244,0.9541717745799704,0.8787442389800999,0.9120153097308761,0.9424357327079149,0.9056246997244247,0.8530305802750191,0.8987213793077292,0.9285292404337289,0.9354358817032753,0.9461821929688099,0.936113556384174,0.9919981176266867,0.9982006461681341,0.8166947162110474,0.9374044830688475,0.9112928897495299,0.8995822673365828,0.8998441150071927,0.9077843943911007,0.9457584568043556,0.9101124015018341,0.8651987620869984,0.9298120344356529,0.912086236448757,0.9483576131651338,0.9284104916856674,0.9255082642475934,0.9064870221079766,0.9431505832717156,0.9297424338124407,0.9296449808107916,0.9495482695847033,0.7995557074849998,0.9501846574962222,0.9307154837121954,0.96568472079197,0.8938754466978482
HMV23/000059/0923/13,0.9365226598544037,0.9570403871248846,0.9690353234635257,0.9324994111890923,0.8825597643738977,0.9513285158961692,0.9084312811691412,0.953031791782254,0.9618888507808289,0.9417673384350751,0.9625300059814726,0.9539136440772252,1.0000000000000004,0.9837327724748003,0.9418029539212409,0.7291962982946992,0.7479529330978525,0.9289411534193222,0.9584883845986127,0.8962645817342728,0.9008687981974358,0.930086342507499,0.9409265571770774,0.9680538262621794,0.9649439482188201,0.9331556389672628,0.8882912608498045,0.9255579773930472,0.955343953547694,0.9441965019311407,0.8742336011350708,0.9375172921867563,0.9435236800298035,0.941205809990914,0.9391602251379761,0.9420581443351359,0.9365117706809257,0.9444926379155756,0.8518656364677221,0.9800305538134315,0.9115268829979897,0.9023572913608617,0.8870602529690973,0.898742445501914,0.9672827336265936,0.9285418483774223,0.8578318854399009,0.9636496153839489,0.9318731352249512,0.966255528128787,0.9371898959175416,0.8683346354901823,0.8430782812196788,0.8893114851907573,0.9447680717439491,0.9464413543540438,0.9669772405755555,0.7871503556035523,0.9206380100345384,0.9227522172133117,0.9260596401572415,0.9139318978238942
HMV23/000059/0923/14,0.9293412339953319,0.9664540293754348,0.9724132449321216,0.9033476711648144,0.9110022384067528,0.9605308532227879,0.9439109899709103,0.9498845189699828,0.9733794223136242,0.9225040447030975,0.94074399403538,0.9407472428794424,0.9837327724748003,1.0000000000000002,0.9691302712740011,0.6833810734647758,0.6988895006060286,0.9383935961597935,0.967924845529032,0.9338234648793624,0.8693544386873825,0.9482285115792691,0.93069868148736,0.9722461171416967,0.9626111003998844,0.9157995257593142,0.9168642620567712,0.9520725090430758,0.9414473182290996,0.9342633955240672,0.9135451849704395,0.9608332124772353,0.9260947524373594,0.9597154187858808,0.9532330741612906,0.9601549909391516,0.9224917547506721,0.929663938915475,0.8065762106895692,0.9866717886909373,0.9271499128792392,0.8786012574553211,0.8638982574572622,0.8743045020249413,0.9765974164912337,0.9608645396931432,0.8162407706107168,0.9739009436041011,0.9582849741012356,0.9587871596002402,0.9116271765217248,0.833662711232107,0.8331108041846662,0.8804100185777354,0.9632173497652843,0.9293607944239444,0.9703438919988185,0.743674923285131,0.9245688191473941,0.9393932437419066,0.9063209954616548,0.9182743713239857
HMV23/000059/0923/15,0.8996761558042644,0.9680852219909375,0.9678413940842591,0.8626829657626781,0.9318595799890029,0.959745286810912,0.9702976045946192,0.9348664445005467,0.9823120377283993,0.8833268292723998,0.9110294197007053,0.9188044095454119,0.9418029539212409,0.9691302712740011,1.0000000000000002,0.6166947765313193,0.6276549303672289,0.9402111199344027,0.9690251893428153,0.9619417857118019,0.8351554443546473,0.961738761680118,0.900367468134516,0.9691761157751866,0.9405615975927584,0.8947543042873463,0.9333845585051866,0.9688924016267711,0.9081962964195045,0.8948681803677254,0.9452269097231568,0.9710842360268145,0.8931125338481254,0.9696438760640156,0.9647055374896969,0.9693381012269164,0.9046975996084442,0.9058122243080894,0.7193953416488708,0.9394676292149002,0.9391777966195887,0.8438742737457149,0.832258768590139,0.8388552744620044,0.9784610488474319,0.9948647970537792,0.7706485292518546,0.9627502295090606,0.9783904887113499,0.930408658601472,0.8656673364795544,0.8039071074814836,0.8397984373189864,0.8813804071267646,0.9765655525070052,0.8901097863610957,0.9691915635853493,0.6953053251164575,0.9367772115700156,0.955971959189026,0.8837248976554916,0.9202784840986125
HMV23/000059/0923/16,0.7066027222251609,0.6435844207309976,0.6803689046760987,0.7343403539790699,0.4252409718347106,0.7262880266933505,0.4911508808456661,0.735300624230326,0.6400045465709111,0.7942864519483268,0.7700645551549673,0.7256714392934477,0.7291962982946992,0.6833810734647758,0.6166947765313193,1.0000000000000002,0.9072389637036602,0.7067297430145684,0.6681282009905434,0.48617007976746685,0.8808660004229417,0.5510177834418709,0.7118169884215001,0.6831296883748444,0.7044169503904962,0.6803992929747482,0.4281434896998702,0.5652885744167057,0.7498735610064247,0.8006448600461973,0.4090306456951451,0.5699736061557116,0.7681144538737372,0.5908365510173881,0.6174240496002622,0.5954516736249488,0.7448375857654871,0.7377170746860064,0.9096964211360218,0.7676761118325393,0.5347305099497589,0.7991828744910706,0.8873584224099655,0.8899886929697843,0.6593774580393366,0.5779704885747895,0.9153587945808114,0.6978926581863452,0.5470211473630782,0.7859122674891088,0.8564152573061072,0.8035765845052341,0.5115500125366894,0.5910006582108412,0.6249779468047468,0.75795307135909,0.6611368975272549,0.907557864253224,0.5782312356367358,0.540436647374858,0.704893973676194,0.7574127314414356
HMV23/000059/0923/17,0.6917409072446725,0.6654795500832752,0.7129894604501146,0.7490369926752564,0.4376576681522089,0.7456808411266812,0.5332145824261111,0.7653707142271763,0.646660474983723,0.8434599496103948,0.7559717407570303,0.730333319415884,0.7479529330978525,0.6988895006060286,0.6276549303672289,0.9072389637036602,1.0000000000000007,0.7187380819623722,0.6760798239343027,0.5013927038580392,0.879036453331023,0.5558179229204512,0.7045580233889261,0.7173771396006774,0.7143140233065821,0.6905089613697003,0.44714891628894565,0.587844364878827,0.7874353024630589,0.8172672242237342,0.4390406327673163,0.6080170930986483,0.8110602703742213,0.6220132840960921,0.6323640359589782,0.6256766134112843,0.7322588580379047,0.7362409366008394,0.9015955298876377,0.7707335190533192,0.5558390125203928,0.8059395830299004,0.8893532782134622,0.8897603883549831,0.6727447430711918,0.598664255015026,0.8976513839457619,0.7149214043607284,0.5874896503459833,0.7949939663487491,0.8559059042908632,0.7840096033679705,0.5104821815731445,0.5920327226325495,0.6398103648541695,0.8111089451976307,0.6887135909023591,0.8714429517361516,0.590154831463945,0.5612687540131751,0.6979307658629923,0.7881202968944937
HMV23/000059/0923/18,0.9097888603510733,0.9178147986756543,0.9469219745316071,0.8360734649860782,0.836169986453582,0.9464247470522057,0.8985528679314937,0.9363097178009818,0.9290711617057306,0.906692825912852,0.8954727581047089,0.8922652520469283,0.9289411534193222,0.9383935961597935,0.9402111199344027,0.7067297430145684,0.7187380819623722,0.9999999999999998,0.9330074542863998,0.8772832504229652,0.8854111750780053,0.882299544153817,0.9092740165180323,0.950827768994947,0.9184721316637435,0.8526816721336092,0.8361168341678902,0.9064241442072917,0.8986874790064899,0.9183787214552921,0.8443408474840838,0.9049036532699027,0.8982682534707267,0.9146001469075583,0.9129584925542719,0.9138490801589966,0.877628550090212,0.8841836236861721,0.7971137976008693,0.9307644549864952,0.8879208055507593,0.8610592553947215,0.8794620703365579,0.8790012470413465,0.9344475693916885,0.9329198921410135,0.8414295681145543,0.9139683035038417,0.9038671868103051,0.9288419105532265,0.9053221646085023,0.8271828285569159,0.7845564511758487,0.8373485322234442,0.9315251393678642,0.8982074208182451,0.9351512065615525,0.7877957795546144,0.8893435983560949,0.8897490128333216,0.8724438450057316,0.9432162625298826
HMV23/000059/0923/19,0.8868956308583581,0.9505171194215886,0.9689968835222149,0.8978271341865816,0.93153737044725,0.9643884134887846,0.9367083818060672,0.9471285801134199,0.980671531910362,0.9171960692800498,0.941099564231379,0.9515049294110397,0.9584883845986127,0.967924845529032,0.9690251893428153,0.6681282009905434,0.6760798239343027,0.9330074542863998,1.0000000000000002,0.9487454446719578,0.8651562118002808,0.9650009500476497,0.8933645246701428,0.9681244295285579,0.9676986041786069,0.9185892558633428,0.9321214823214024,0.9641024995501766,0.942921245961082,0.9072888639785126,0.923417432545329,0.9528759230427084,0.9290287480006949,0.9766911907938877,0.9711862868656903,0.9760282940579682,0.9362995743573199,0.9410017816993538,0.7573260721476628,0.9459422943814676,0.9610719324476101,0.886807313408197,0.8754147025187726,0.8799081360402768,0.9749371442477431,0.9626633862037123,0.8117481511155042,0.9692389540911095,0.9678450950653906,0.9531926204145162,0.9088169471897835,0.8547626968290778,0.889490382489073,0.9259426214366497,0.9659949330256494,0.9289729410579466,0.976436408691313,0.745293693888145,0.961800927098909,0.9696651754419761,0.9300536871263522,0.9129059637458486
HMV23/000059/0923/20,0.8414644142467665,0.928438037791506,0.926562787453797,0.7965468951383751,0.9564308182168487,0.9059101074484857,0.9712565913470734,0.8669374086140664,0.9532138449534158,0.8084401661673817,0.8459869701621153,0.8691983507055525,0.8962645817342728,0.9338234648793624,0.9619417857118019,0.48617007976746685,0.5013927038580392,0.8772832504229652,0.9487454446719578,1.0,0.7202380771568753,0.9554025833175231,0.8392024215271989,0.9243301641750236,0.9010494352922614,0.8382195545294489,0.9587811498404168,0.9555500794613713,0.8553279376446243,0.8268831831107207,0.978486022800844,0.9568354425572848,0.8293970598853752,0.952928695498648,0.9363507718701161,0.9503099135829577,0.8525508801585433,0.8511684370814379,0.6095801090531863,0.8815765905249036,0.9484285128213168,0.7589284036225871,0.732693847876717,0.7363360079105795,0.9428526596333464,0.9655392778693236,0.6461332244609674,0.9283948998482169,0.9768075804435497,0.8725298240120914,0.7790423165781027,0.7150979726438959,0.8483334339093006,0.8675533956419847,0.9497334326150235,0.8322304827140219,0.9341089503315274,0.5788945418817424,0.9237516617641286,0.9595176386242702,0.8497880428161735,0.8323522626964435
HMV23/000059/0923/21,0.8718768290298549,0.863180443073028,0.8943731849735088,0.8979273280611824,0.7015448537501067,0.9110382700953725,0.752392732587333,0.9218321779039567,0.8607168967367654,0.9413712344828085,0.9289614328891102,0.9055399295437389,0.9008687981974358,0.8693544386873825,0.8351554443546473,0.8808660004229417,0.879036453331023,0.8854111750780053,0.8651562118002808,0.7202380771568753,0.9999999999999999,0.7979874162697427,0.8840975473365705,0.8972524967470389,0.8950455620920142,0.8766398027129482,0.7016699379751318,0.8028221325173815,0.9160581563723448,0.9261468287293296,0.6785367360928702,0.808745740997978,0.9263516761414332,0.8313753184050943,0.8507724672222012,0.8347793287069353,0.9071473810542706,0.9074956570297256,0.89991804748863,0.9015996341996748,0.7728591129795166,0.9418797973273177,0.956469375813295,0.9653632760439349,0.8778936728083059,0.8118242584584157,0.9911088826713779,0.8805988359229606,0.7953197052944941,0.9303028128543274,0.9503505017748194,0.9197362199803352,0.7437530173225874,0.8119260319675909,0.845761005687628,0.9123412193745009,0.8783032141889945,0.9024403562644421,0.8207586512947445,0.7938523536532424,0.8829151715725695,0.9298994491125026
HMV23/000055/0923/1,0.8757449037467755,0.9560625334287574,0.9418299112881601,0.8856965557772202,0.9686058224812997,0.9251221483366785,0.948588081947946,0.8994881411799232,0.9707281383190076,0.8538437882652039,0.9196347585948724,0.9411839056184395,0.930086342507499,0.9482285115792691,0.961738761680118,0.5510177834418709,0.5558179229204512,0.882299544153817,0.9650009500476497,0.9554025833175231,0.7979874162697427,1.0000000000000002,0.8811057052580763,0.9409255998480487,0.9427847405612962,0.9265798717147028,0.9648694264452459,0.9662453049469297,0.8957012461431225,0.8478371122309653,0.9599876907805319,0.9540664652831727,0.8725849713102559,0.9715534250836386,0.9717353779344959,0.9705327797751513,0.9289505684873718,0.9314089332537627,0.6716122394644188,0.908432848711519,0.9577888143975694,0.8154442910762488,0.7909394052022858,0.8008324555031172,0.9645343065471069,0.9615768353458881,0.7298821385153157,0.9397049266612354,0.9688984629854784,0.9057844055773379,0.8367715610852675,0.8115945231543372,0.9090198377047997,0.9296370058383308,0.9627224585931546,0.8737514546892657,0.9507086827366473,0.6493023831074,0.9693373613793695,0.9774471262816357,0.9183070259410187,0.8659531146922925
HMV23/000055/0923/2,0.9959097928193531,0.9368171181948554,0.9239857582224936,0.892433165938869,0.8259505723554091,0.9009998986706789,0.8678356259335894,0.9085622630565191,0.9090809263208293,0.8763847503371714,0.9125596965321956,0.9013760499108243,0.9409265571770774,0.93069868148736,0.900367468134516,0.7118169884215001,0.7045580233889261,0.9092740165180323,0.8933645246701428,0.8392024215271989,0.8840975473365705,0.8811057052580763,1.0000000000000007,0.9271842957921284,0.9151619108805112,0.9034995486658715,0.8254522299543721,0.8622273228649954,0.8854748054951754,0.9127513815563596,0.8324135879467789,0.8906373691666404,0.8764888987176315,0.8786094824746097,0.8824007898151872,0.8809214099608647,0.8894046699752494,0.894496709825846,0.8160130751053891,0.9326853410151029,0.8317393135757194,0.8519696259786156,0.8390065779572532,0.855979850420946,0.922826825146441,0.8887889538816974,0.8457297647770884,0.9056410446362768,0.8696745855686683,0.9197876843071126,0.8795720918930255,0.8338578886419067,0.7738966289218062,0.8300085981845767,0.9190226789788851,0.8737398352884622,0.9061963582478982,0.7663715653519421,0.8741360733058243,0.8709197071740422,0.8825470880732404,0.8846507558241757
HMV23/000055/0923/3,0.9231187236058054,0.9683552260283889,0.9992382182459324,0.9059007120566834,0.9017314259239816,0.9787642995110066,0.9426935360306604,0.9699055455300897,0.9768864881446417,0.9371253439158597,0.9376626174669306,0.9391380854582945,0.9680538262621794,0.9722461171416967,0.9691761157751866,0.6831296883748444,0.7173771396006774,0.950827768994947,0.9681244295285579,0.9243301641750236,0.8972524967470389,0.9409255998480487,0.9271842957921284,1.0000000000000004,0.965763084643659,0.9214548999794395,0.9041587312956103,0.9495690833873407,0.9520845933076397,0.9391102176924457,0.9036749098042134,0.9636272395966083,0.945352015851111,0.965524620086025,0.9615838433527961,0.9662905107942672,0.920443093409658,0.92714415433756,0.7877908828174597,0.9535825502830524,0.9320581660771293,0.9038350840357943,0.8791504434981317,0.8879077013003974,0.9804862278398245,0.9645109412462808,0.8435170296526158,0.9686039260931756,0.9619066620776381,0.9599192389551415,0.9119975269344753,0.856356421845293,0.8496591335745692,0.8925625444124134,0.9672041216126814,0.9400369727854951,0.9799873717026805,0.7647824344056899,0.9402921163605702,0.9461617548414527,0.9130957246330503,0.9447496056380073
HMV23/000055/0923/4,0.9067922754966347,0.9486616724231142,0.966244146699522,0.9349012890085523,0.9053816895456074,0.9555274059219998,0.9124501060709445,0.9473687742177523,0.9637739584085532,0.9342294825567254,0.948855210728026,0.9561480376456244,0.9649439482188201,0.9626111003998844,0.9405615975927584,0.7044169503904962,0.7143140233065821,0.9184721316637435,0.9676986041786069,0.9010494352922614,0.8950455620920142,0.9427847405612962,0.9151619108805112,0.965763084643659,0.9999999999999998,0.9472709053785033,0.9038516608333791,0.9387286712288315,0.9515430772296233,0.9176101824473386,0.889751523568517,0.9337850628081052,0.9418719021964236,0.9599977252870117,0.9573983281260039,0.9601964097392724,0.9393483896800464,0.9485602046435113,0.7900703222373436,0.9453750641855609,0.9331037114777212,0.9059593465780487,0.8858361972767475,0.8922337537850406,0.9654148346772936,0.9310368208483268,0.8471586352807667,0.9642780062835455,0.9436763211885323,0.9513703664366668,0.9171313198331634,0.883607120938938,0.8827404322983178,0.9161605102957144,0.9463558535430553,0.9398898166046614,0.9682409177515279,0.7781682418178344,0.9446265898968876,0.9410931152423393,0.9398877508262731,0.9109943565198226
HMV23/000055/0923/5,0.8923730800350081,0.9341899105367436,0.9187461718891646,0.9882619646678655,0.8751492691582871,0.9048793103858878,0.8562295570716905,0.9082487584489931,0.9283988026349359,0.8992337005008002,0.9488845653151411,0.9541717745799704,0.9331556389672628,0.9157995257593142,0.8947543042873463,0.6803992929747482,0.6905089613697003,0.8526816721336092,0.9185892558633428,0.8382195545294489,0.8766398027129482,0.9265798717147028,0.9034995486658715,0.9214548999794395,0.9472709053785033,1.0000000000000004,0.871594661051967,0.8886005012882612,0.9266819914952719,0.8693084978920171,0.8488959140107458,0.8918406588161925,0.9080264436802783,0.912318021401249,0.922391684726177,0.9142830164106226,0.9453478573507101,0.9524310154864557,0.7802993521916003,0.9046957814261314,0.8746957814132581,0.8746321809041487,0.8555400344262427,0.872436238380397,0.9331167293010095,0.8866112698374883,0.8314590888078943,0.9147744050866838,0.8919119721440206,0.9155246630351154,0.8811118223169289,0.8920927407342004,0.8785536400617934,0.9157958101938747,0.9159172431359784,0.9102299257182852,0.9250565785112421,0.7644703578596397,0.9323220640493106,0.9136719199319958,0.9324163457956615,0.8614441967384492
HMV23/000055/0923/6,0.8227478657218871,0.9174621456411354,0.9085140264645218,0.8259551737616564,0.9971914095058081,0.8680476653911072,0.9614477267452789,0.8571528427945962,0.9528731556199997,0.7929607819868901,0.843381205434723,0.8787442389800999,0.8882912608498045,0.9168642620567712,0.9333845585051866,0.4281434896998702,0.44714891628894565,0.8361168341678902,0.9321214823214024,0.9587811498404168,0.7016699379751318,0.9648694264452459,0.8254522299543721,0.9041587312956103,0.9038516608333791,0.871594661051967,1.0000000000000002,0.9585026828662212,0.8483983442406827,0.8108112984387198,0.9731875981011124,0.9500732691165665,0.8234514529824791,0.9595748332761114,0.9422418337356385,0.9569155405658163,0.8495017279299996,0.8609674586169582,0.5587905869537658,0.8538987314238223,0.9608546212295164,0.7725952125489529,0.6971926919369856,0.7063685223788246,0.9409371037672555,0.9412153077203586,0.6233855671299561,0.916315287025367,0.9609867013197044,0.8535755847623642,0.7584630390704445,0.7223898792538224,0.8955513694141488,0.896344418763882,0.933313112295375,0.828441216059996,0.935375287845152,0.5443266774863333,0.9444829520230051,0.9710721702342103,0.85913786914288,0.7832737699664454
HMV23/000055/0923/7,0.8582368403169419,0.9414627773299632,0.9520197342371061,0.8543385648086536,0.9597352630422445,0.9380623222793822,0.9612002899365153,0.9253220583494479,0.9741526661349258,0.8785422627071323,0.8955993319245674,0.9120153097308761,0.9255579773930472,0.9520725090430758,0.9688924016267711,0.5652885744167057,0.587844364878827,0.9064241442072917,0.9641024995501766,0.9555500794613713,0.8028221325173815,0.9662453049469297,0.8622273228649954,0.9495690833873407,0.9387286712288315,0.8886005012882612,0.9585026828662212,1.0000000000000002,0.9090040466626159,0.8699883820355543,0.9505988713180263,0.96500660048252,0.8976847565612972,0.9901586479233473,0.9872847580824816,0.9893381324034553,0.889371287928412,0.8989363246192179,0.6696744352573994,0.9134979098191162,0.964211746602158,0.8507204296478669,0.8179992345878251,0.8256301995007701,0.968642271002736,0.9662193864986809,0.7375904135365386,0.9569145978893988,0.9798880285825753,0.9169530680820797,0.8512776229886171,0.8079398117857071,0.8781548428221574,0.902367579879647,0.9581323371456051,0.8965333533526583,0.962902903522769,0.6625059580460677,0.954388831505792,0.9683394744648963,0.8855240154559358,0.8873693249777593
HMV23/000055/0923/8,0.8731299508201245,0.9118589368479249,0.9513508807748238,0.9321131002866809,0.8451607655223655,0.9618116162715492,0.8703914583151975,0.9626572952894963,0.9377682913929901,0.9801161759109138,0.9438987412109873,0.9424357327079149,0.955343953547694,0.9414473182290996,0.9081962964195045,0.7498735610064247,0.7874353024630589,0.8986874790064899,0.942921245961082,0.8553279376446243,0.9160581563723448,0.8957012461431225,0.8854748054951754,0.9520845933076397,0.9515430772296233,0.9266819914952719,0.8483983442406827,0.9090040466626159,1.0000000000000004,0.9336521672165228,0.8223717594759488,0.9075845952066048,0.9923396839857676,0.9284433002041098,0.9294415256170335,0.9290524470021747,0.9238309000473829,0.9348489458994457,0.8284390944714676,0.9424568093256065,0.8957991210472858,0.9473852836030702,0.9254327810019514,0.9308746087822254,0.9431630535724348,0.8972780890888559,0.8824624691053066,0.9499510892116778,0.9068359466383346,0.9503518722821863,0.9356291481927451,0.9107152781824336,0.8539846541443832,0.9013347167881449,0.9176322821385592,0.9926395191052984,0.9537504623503064,0.8076512457222936,0.9129179691363533,0.9024252914739458,0.9209208022972376,0.9120402804931487
HMV23/000055/0923/9,0.908936527404568,0.9121187760315201,0.9402177310998433,0.879393238671323,0.801026790131205,0.9313648461187207,0.8624577600457192,0.9360952810238088,0.9150973023177431,0.9456777999216504,0.9059711381558923,0.9056246997244247,0.9441965019311407,0.9342633955240672,0.8948681803677254,0.8006448600461973,0.8172672242237342,0.9183787214552921,0.9072888639785126,0.8268831831107207,0.9261468287293296,0.8478371122309653,0.9127513815563596,0.9391102176924457,0.9176101824473386,0.8693084978920171,0.8108112984387198,0.8699883820355543,0.9336521672165228,1.0,0.7879378729451345,0.9077849437041476,0.9412641945659708,0.8875749743052845,0.8819748112991841,0.8876864030435492,0.886842766995856,0.8969636916567888,0.8577605610947985,0.9462479313185916,0.8520606356461753,0.920460191478562,0.9118419602888248,0.9178087126898429,0.9307706316983142,0.8798823256139173,0.8959341957631708,0.9299309784010142,0.8689661710213527,0.9383604244632455,0.9230908122498317,0.8509866202772051,0.7629240639686787,0.8129441286170386,0.9001804446933369,0.9393005632703111,0.9361248325391489,0.8178840116259453,0.8539551223261483,0.8550156311667378,0.8770951526981996,0.9101472841753006
HMV23/000055/0923/10,0.8358301339365493,0.9234964421131355,0.9050806769604479,0.796791605217142,0.9733255802505013,0.8737296065611939,0.9722915779913199,0.8442964328496955,0.9391855168614025,0.7696022239003546,0.8213258712832266,0.8530305802750191,0.8742336011350708,0.9135451849704395,0.9452269097231568,0.4090306456951451,0.4390406327673163,0.8443408474840838,0.923417432545329,0.978486022800844,0.6785367360928702,0.9599876907805319,0.8324135879467789,0.9036749098042134,0.889751523568517,0.8488959140107458,0.9731875981011124,0.9505988713180263,0.8223717594759488,0.7879378729451345,1.0000000000000004,0.9569337818678562,0.7947428686358249,0.9465175969022075,0.929837466608082,0.9444498826898149,0.8289838055153005,0.8335541768272156,0.5502856862497362,0.8487898206571303,0.9420215484211215,0.722805643090627,0.6751286703569078,0.6846743580194987,0.9310648489815,0.9541258803557354,0.5946590186134058,0.9076482998320593,0.9695152168485422,0.8372130755236542,0.7322794689002036,0.6797452055934107,0.8525503622577991,0.8607588045087428,0.942033264174747,0.801435037315412,0.9186168251519287,0.5116601952484036,0.9222738692225227,0.9607684493686982,0.8340705473357272,0.8029781671518414
HMV23/000055/0923/11,0.8908813442303924,0.960558414783229,0.9651788855614176,0.8626689384291599,0.9460871303833531,0.9395898412462591,0.9827303776112324,0.9245091336249949,0.9729312585009088,0.8806511272307552,0.8820201328168225,0.8987213793077292,0.9375172921867563,0.9608332124772353,0.9710842360268145,0.5699736061557116,0.6080170930986483,0.9049036532699027,0.9528759230427084,0.9568354425572848,0.808745740997978,0.9540664652831727,0.8906373691666404,0.9636272395966083,0.9337850628081052,0.8918406588161925,0.9500732691165665,0.96500660048252,0.9075845952066048,0.9077849437041476,0.9569337818678562,1.0,0.896130633963187,0.9650063327364568,0.9515496049787503,0.9645384044876593,0.8734110967210733,0.8814140569617859,0.6816857808468129,0.9221314235988458,0.9461336867147255,0.8398760027199055,0.7924854050399457,0.8034617877263008,0.9772361222555987,0.9714188475401964,0.7400552478047387,0.959932735818357,0.9755826499106602,0.907368427070797,0.8285510410985809,0.7636767439492718,0.8357245972027499,0.8614988205811132,0.9654938249012099,0.8959295792520222,0.9682611192142387,0.6377229364077819,0.9270004402055936,0.9576417546618593,0.8697858450350965,0.888340938488587
