,HMV23/000059/0923/1,HMV23/000059/0923/2,HMV23/000059/0923/3,HMV23/000059/0923/4,HMV23/000059/0923/5,HMV23/000059/0923/6,HMV23/000059/0923/7,HMV23/000059/0923/8,HMV23/000059/0923/9,HMV23/000059/0923/10,HMV23/000059/0923/11,HMV23/000059/0923/12,HMV23/000059/0923/13,HMV23/000059/0923/14,HMV23/000059/0923/15,HMV23/000059/0923/16,HMV23/000059/0923/17,HMV23/000059/0923/18,HMV23/000059/0923/19,HMV23/000059/0923/20,HMV23/000059/0923/21,HMV23/000055/0923/1,HMV23/000055/0923/2,HMV23/000055/0923/3,HMV23/000055/0923/4,HMV23/000055/0923/5,HMV23/000055/0923/6,HMV23/000055/0923/7,HMV23/000055/0923/8,HMV23/000055/0923/9,HMV23/000055/0923/10,HMV23/000055/0923/11,HMV23/000055/0923/12,HMV23/000055/0923/13,HMV23/000055/0923/14,HMV23/000055/0923/15,HMV23/000055/0923/16,HMV23/000055/0923/17,HMV23/000055/0923/18,HMV23/000055/0923/19,HMV23/000055/0923/20,HMV23/000055/0923/21,HMV23/000055/0923/22,HMV23/000055/0923/23,HMV23/000055/0923/24,HMV23/000055/0923/25,HMV23/000055/0923/26,HMV23/000043/0823/1,HMV23/000043/0823/2,HMV23/000043/0823/3,HMV23/000043/0823/4,HMV23/000043/0823/5,HMV23/000043/0823/6,HMV23/000043/0823/7,HMV23/000043/0823/8,HMV23/000043/0823/9,HMV23/000043/0823/10,HMV23/000043/0823/11,HMV23/000043/0823/12,HMV23/000043/0823/13,HMV23/000043/0823/14,HMV23/000043/0823/15
HMV23/000059/0923/1,1.0000000000000002,0.10078883317410034,0.1240904947654713,0.184682494176156,0.6907195198272308,0.06733760264366508,0.13251729002211252,0.06733760264366508,0.10133490642132358,0.19870308307938614,0.16439671949493762,0.013791702592934961,0.20679061234319002,0.1350341111059637,0.11462882860591905,0.13083665318046653,0.37181017999207483,0.04370454901454017,0.1811107670685001,0.16569425784203673,0.15453175776390338,0.04142289544424415,0.8180349682056643,0.11637091471649247,0.1419530245878305,0.15526803919723772,0.7871628012996454,0.057073318094415515,0.0417639527441071,0.05944295659619284,0.1662709285199427,0.1051839171093478,0.11919900735561909,0.04763361242931585,0.07160338280254654,0.16439671949493762,0.16359911534585833,0.12506770715097468,0.15753114844592758,0.03668535559912909,0.03679382140180095,0.187995522797124,0.19870308307938614,0.12472263109663252,0.013791702592934961,0.3482590308488178,0.12142860773926627,0.1551850358655027,0.05313751650994438,0.04692296508635284,0.17116293497649684,0.03537632415113119,0.147083624454536,0.18349710696202676,0.19837443999378962,0.20259922873156588,0.3008132828063911,0.29675209250028095,0.7871628012996454,0.19835153666645455,0.10960026917884588,0.05242303691274799
HMV23/000059/0923/2,0.10078883317410034,0.9999999999999999,0.08845727850900946,0.2651635089488492,0.09416481489003604,0.1308496194399468,0.15584305735006143,0.1308496194399468,0.1604629218449335,0.23564041424881277,0.18960303732311828,0.026698374616757108,0.2050198602825852,0.08808614149241231,0.27189193354389884,0.09087482818692325,0.13683807434110956,0.02174082196532147,0.02361246616016633,0.17953103605916373,0.16823407473667398,0.13271710461083525,0.11308362770081822,0.20911784337112044,0.24173526546015273,0.5100917483766003,0.11351483091668371,0.09288065219580796,0.13380983694783782,0.09296271699555217,0.2997302258326894,0.12369844888648804,0.1401804831376524,0.016106703139233722,0.11338234819973808,0.18960303732311828,0.07319033722513132,0.12073190229676847,0.1003448595722099,0.03340022814442761,0.04252204813007518,0.31439391841403475,0.23564041424881277,0.060784790574722025,0.026698374616757108,0.1281704959080708,0.06112003454035482,0.1263951515429716,0.032488407550136704,0.05709247894732902,0.03643499288757249,0.04253889825809396,0.01266841066407127,0.07864521615363126,0.024961888925508668,0.019225008111672694,0.06559367717582458,0.18559313623706547,0.11351483091668371,0.1787356685078706,0.33246356899413343,0.040170067292041534
HMV23/000059/0923/3,0.1240904947654713,0.08845727850900946,1.0,0.13075230487857528,0.11547708353736656,0.07194479984244455,0.0935051352243974,0.07194479984244455,0.06970250576599975,0.11867206763205582,0.09142369084938146,0.017391544007604117,0.15537224614001247,0.14663402473563958,0.07899874433202203,0.068378274907328,0.15421419053567342,0.0138605163542514,0.02794223787038637,0.08980752911434386,0.13105901982328658,0.0364627896262148,0.11748869176269931,0.07779920031590211,0.11924691018078022,0.11357595180849783,0.11554002145898505,0.04703263101402693,0.03676300766848388,0.04707418674554218,0.08150197923821598,0.07421851436216524,0.08410766096666533,0.010728326293209307,0.05148677632368912,0.09142369084938146,0.17807044288548207,0.5091174327213136,0.09368850934952466,0.012479451523846124,0.012516348909855672,0.13009676141144502,0.11867206763205582,0.06234616644604908,0.017391544007604117,0.1874233961942745,0.07290515111370952,0.1633658732319923,0.06025233583115975,0.03703960891358005,0.2275750438579337,0.02635812073442539,0.01751980364277068,0.08366314055024412,0.06069560698652979,0.04173996870482212,0.0816486515796096,0.1663470411549381,0.11554002145898505,0.36726942711811966,0.09695346010908512,0.025609789525935626
HMV23/000059/0923/4,0.184682494176156,0.2651635089488492,0.13075230487857528,1.0,0.1780269620806647,0.23363842947726843,0.17224873411258834,0.23363842947726843,0.2044798702901186,0.1440282801342753,0.23370078187249163,0.03998025148421549,0.19314646667661992,0.18890805395173824,0.3512226230295619,0.16240055367707878,0.2480115874180154,0.027249566223335256,0.0697582125958803,0.1688936839053199,0.1559791556590187,0.08212632499335097,0.20304389773139986,0.233878584652609,0.15233516272779962,0.2959589564186482,0.21205896996461698,0.07278409730367028,0.08280251583779838,0.07284840577081152,0.42258428722579955,0.13672024660378546,0.15493735286207888,0.029699317476482703,0.12416351384718177,0.23370078187249163,0.1403628877042261,0.24345033354448015,0.1205995868969478,0.029717894192401798,0.029805759641561375,0.700218909131723,0.1440282801342753,0.12529801207531668,0.03998025148421549,0.23230207165203473,0.08492031185523607,0.3108243366764277,0.0540900328784818,0.08612159406565109,0.10137908944636356,0.05666812268188322,0.016626383490948762,0.14239750470570167,0.0733205048867191,0.034898713713652614,0.17382778870767807,0.34424485915745073,0.21205896996461698,0.2719339807771707,0.30100797482666386,0.032685499523333876
HMV23/000059/0923/5,0.6907195198272308,0.09416481489003604,0.11547708353736656,0.1780269620806647,1.0000000000000002,0.11906462682771587,0.11263533456771782,0.11906462682771587,0.1340173717980263,0.26249914129644303,0.1529829981115844,0.03872947339075788,0.21454095879328694,0.13560329085461964,0.09796501786494413,0.10716127870168843,0.3056423776406794,0.04643828768938661,0.09852735601356719,0.1649243650683095,0.1636055211106675,0.03913344469498456,0.7527596403523598,0.10758294290231014,0.14760280702629183,0.13661517354017497,0.783717832375245,0.05578265393720466,0.039455651697630545,0.05829621975410897,0.14119139450891477,0.0894028672996374,0.1013152326869926,0.10377519424492723,0.107959773782747,0.1529829981115844,0.174280201802613,0.12765712909036153,0.15727859527077864,0.0510520168364226,0.051202959846071705,0.17888193945747888,0.26249914129644303,0.09177667895599377,0.03872947339075788,0.2862824203085032,0.11056534501642101,0.17059160925775188,0.051629557491463016,0.05312348558021798,0.11622828884997802,0.03862993903773143,0.0975854021211113,0.20113560843246375,0.14140192636472204,0.14533307986535926,0.27004278559588657,0.25975351233500366,0.783717832375245,0.19410528177480998,0.14074466777950434,0.055702120822608336
HMV23/000059/0923/6,0.06733760264366508,0.1308496194399468,0.07194479984244455,0.23363842947726843,0.11906462682771587,0.9999999999999998,0.32948187696167547,0.9999999999999998,0.6900450573755965,0.29228426266525426,0.12811116546816892,0.07781089672667695,0.17826144672490266,0.13492080849050905,0.057235747848228956,0.02719883997001015,0.19578571637235864,0.03000698832649749,0.020034219849860334,0.07740768688812309,0.12187568855278877,0.12551239435366304,0.10267418797379649,0.07220080912538282,0.08081450978626412,0.10207471514480283,0.10306569858360652,0.05588588304086123,0.12654580637999552,0.05593526107268866,0.06753451227146279,0.2896732740169633,0.3088465719013247,0.6020572883613261,0.6858073679565503,0.12811116546816892,0.07440325515546624,0.07507829727969131,0.12969643836341635,0.017988820979829758,0.0330847317643985,0.13743403076851327,0.29228426266525426,0.04734941320137023,0.07781089672667695,0.16465341505952547,0.09159743647286275,0.08333209217322461,0.15167024729729778,0.26825190297003704,0.020263959754213114,0.2342706426778179,0.046451052763724236,0.06836607693617819,0.0325206836025547,0.05465176582117003,0.04601259324992577,0.09294295348135405,0.10306569858360652,0.11359057430201706,0.11392248781271541,0.0
HMV23/000059/0923/7,0.13251729002211252,0.15584305735006143,0.0935051352243974,0.17224873411258834,0.11263533456771782,0.32948187696167547,1.0,0.32948187696167547,0.3429242296027444,0.15340092525142152,0.2401125348228487,0.03239354347815493,0.15571059642080537,0.09354832343874636,0.09167062090789634,0.042473982860205005,0.14744578711371048,0.03212037088842038,0.05676943943484547,0.11183271694682353,0.14111535161159172,0.09377299160097018,0.14559625047695562,0.10308351256575936,0.1646904478853531,0.15197038703544516,0.14615142873485268,0.05469407496380577,0.11635431224444921,0.06741307503986277,0.12065385054026874,0.6736799310450818,0.8877096473212194,0.19130016030062474,0.3178791504537916,0.2401125348228487,0.13375648467030066,0.09362623628791725,0.14113587776068445,0.025335430183829707,0.033461427389419644,0.14985941984498663,0.15340092525142152,0.04106637920896579,0.03239354347815493,0.1581563749971032,0.07317726978215178,0.08452633345981071,0.1912310506039967,0.35437491460915477,0.04366477701202075,0.4157752199285128,0.039436804132178725,0.14167986203861557,0.10491068211321114,0.03387740247474816,0.11186152524570199,0.14808769364444088,0.14615142873485268,0.1532767590636241,0.1798759994671951,0.0
HMV23/000059/0923/8,0.06733760264366508,0.1308496194399468,0.07194479984244455,0.23363842947726843,0.11906462682771587,0.9999999999999998,0.32948187696167547,0.9999999999999998,0.6900450573755965,0.29228426266525426,0.12811116546816892,0.07781089672667695,0.17826144672490266,0.13492080849050905,0.057235747848228956,0.02719883997001015,0.19578571637235864,0.03000698832649749,0.020034219849860334,0.07740768688812309,0.12187568855278877,0.12551239435366304,0.10267418797379649,0.07220080912538282,0.08081450978626412,0.10207471514480283,0.10306569858360652,0.05588588304086123,0.12654580637999552,0.05593526107268866,0.06753451227146279,0.2896732740169633,0.3088465719013247,0.6020572883613261,0.6858073679565503,0.12811116546816892,0.07440325515546624,0.07507829727969131,0.12969643836341635,0.017988820979829758,0.0330847317643985,0.13743403076851327,0.29228426266525426,0.04734941320137023,0.07781089672667695,0.16465341505952547,0.09159743647286275,0.08333209217322461,0.15167024729729778,0.26825190297003704,0.020263959754213114,0.2342706426778179,0.046451052763724236,0.06836607693617819,0.0325206836025547,0.05465176582117003,0.04601259324992577,0.09294295348135405,0.10306569858360652,0.11359057430201706,0.11392248781271541,0.0
HMV23/000059/0923/9,0.10133490642132358,0.1604629218449335,0.06970250576599975,0.2044798702901186,0.1340173717980263,0.6900450573755965,0.3429242296027444,0.6900450573755965,0.9999999999999999,0.28773026618501885,0.12769771957440562,0.06535640123478818,0.1502427612799919,0.10002209701931034,0.07792462947549947,0.03483255436652244,0.21124127376343443,0.07191887131381881,0.02400838204050182,0.13471613698451526,0.1462953879282333,0.12244351368909889,0.12093366368920305,0.07304265795692622,0.11820766206642845,0.11111969948728206,0.12139480015740288,0.058979505460735285,0.12345165794643954,0.05903161686596578,0.0811052108752767,0.2255437492422981,0.3159364173812792,0.48604474961680316,0.9267610021026542,0.12769771957440562,0.06779780982365682,0.06837806210096166,0.1138881654912886,0.02059829951011327,0.029672566385287272,0.1631147625629064,0.28773026618501885,0.04985433157166835,0.06535640123478818,0.19786085813382398,0.103852047348241,0.12145569008561155,0.1688259947348257,0.24091832386385967,0.021621959570268308,0.2863481632874389,0.04166036335471399,0.06285984247071469,0.02538043090082557,0.08469730163328638,0.06528830054158773,0.10117932828057861,0.12139480015740288,0.11854860687416505,0.10702734629218993,0.014077081689466519
HMV23/000059/0923/10,0.19870308307938614,0.23564041424881277,0.11867206763205582,0.1440282801342753,0.26249914129644303,0.29228426266525426,0.15340092525142152,0.29228426266525426,0.28773026618501885,1.0000000000000002,0.20868684418137934,0.056754125164371505,0.3746046648774657,0.10870979818013332,0.10804062690317039,0.10538739147305351,0.3412473208043537,0.0,0.03761457978479733,0.17945741598244364,0.1548561910174826,0.10651539079910038,0.19382486811831992,0.12462534159045438,0.16788013672383234,0.23020313320238672,0.1945639486390514,0.0844373774108092,0.10739239012978904,0.09003581397816382,0.12488462510195115,0.12176003752755853,0.1379837907517713,0.10313471427255137,0.23525136741886155,0.20868684418137934,0.15207187634808825,0.0681211870198885,0.22112617701685086,0.0,0.0,0.1786033398450842,1.0000000000000002,0.11358490338770909,0.056754125164371505,0.3196320800727214,0.09959761601207287,0.18460465169093554,0.040044965200453544,0.09657342534613139,0.0652482906575264,0.035427509832438385,0.0,0.10755079335948076,0.03976420574618966,0.02956536841341257,0.058746611410102026,0.19028807960631777,0.1945639486390514,0.14660037145407662,0.14277438541368748,0.0
HMV23/000059/0923/11,0.16439671949493762,0.18960303732311828,0.09142369084938146,0.23370078187249163,0.1529829981115844,0.12811116546816892,0.2401125348228487,0.12811116546816892,0.12769771957440562,0.20868684418137934,1.0000000000000002,0.05323440056622063,0.2097369423000028,0.09748087970734182,0.11236080646356589,0.048978550033636936,0.1957146300117632,0.0,0.07619814254689633,0.10099425906219006,0.11836525713696518,0.0918754605053933,0.17355331126726598,0.1435102578344804,0.21499460122203112,0.18585408454956348,0.1742150935912337,0.07330576506875015,0.09263192130195477,0.07337053445600406,0.13132349129815707,0.19058627712283857,0.2159806905178125,0.0,0.08696675116231259,1.0000000000000002,0.15378549977573133,0.150791096684821,0.18919409643415533,0.04025106603787635,0.04037007440279187,0.1933900764999868,0.20868684418137934,0.03333895900469109,0.05323440056622063,0.18331770090933072,0.04635726778481508,0.09702266436003106,0.034790192590083105,0.09204467607598531,0.03094252826511018,0.059453103722762184,0.014758879294430432,0.12728811874787177,0.08566455771534542,0.028968588297835836,0.08438972271022999,0.13774295122304417,0.1742150935912337,0.21220675485651452,0.1512935571835568,0.0
HMV23/000059/0923/12,0.013791702592934961,0.026698374616757108,0.017391544007604117,0.03998025148421549,0.03872947339075788,0.07781089672667695,0.03239354347815493,0.07781089672667695,0.06535640123478818,0.056754125164371505,0.05323440056622063,1.0,0.03098491769359892,0.00850048493328353,0.008625082845167529,0.010921575955920365,0.056834715101111516,0.0,0.04603677354269441,0.0074011664110609915,0.01210886912317302,0.059461747430817766,0.009260994820814846,0.006759283393789084,0.02089150474900564,0.012928798310461733,0.009296308250619329,0.019005734532833832,0.059951328441666826,0.019022527069939846,0.010705793840608073,0.025711964012512977,0.029137920241825377,0.14010361026408308,0.08590510605968604,0.05323440056622063,0.0230846292838954,0.03234111174432083,0.13881522023634973,0.0473200472830513,0.0681661728276108,0.03552308098132567,0.056754125164371505,0.007434151742160329,1.0,0.0532346984154755,0.09461654678593065,0.02531302639065769,0.06252408600116707,0.04156778986730272,0.014834464777541584,0.040599099254766846,0.09570549077637538,0.009560861928011104,0.0,0.0,0.0,0.010308970937394881,0.009296308250619329,0.030847451710150083,0.027355231655932313,0.0
HMV23/000059/0923/13,0.20679061234319002,0.2050198602825852,0.15537224614001247,0.19314646667661992,0.21454095879328694,0.17826144672490266,0.15571059642080537,0.17826144672490266,0.1502427612799919,0.3746046648774657,0.2097369423000028,0.03098491769359892,1.0000000000000002,0.1520257517135669,0.1368433211489214,0.07176041500785706,0.27620852778771254,0.019778892313073615,0.07810712593842176,0.16878273069215682,0.14988604464496746,0.0924661286116958,0.21480143354560777,0.15441502110297678,0.14552840787985638,0.21736953717532143,0.1925457926605597,0.0697148194738669,0.09322745270106406,0.07218466643766902,0.17402534116340684,0.12359330970502144,0.1400613348266804,0.022963907515734492,0.1341421513303432,0.2097369423000028,0.20075215367076318,0.15229916712641256,0.20916685422242182,0.05857650896115067,0.05874969926988351,0.24192232870909833,0.3746046648774657,0.05678388905826366,0.03098491769359892,0.24338082087230767,0.07253244767899691,0.15045445679121935,0.03937982241520828,0.024027304896820985,0.056180668877829305,0.01698122737851011,0.025432882183964906,0.11949345591233712,0.08527389751822817,0.06189355429292245,0.08089868653601445,0.21566691430489776,0.1925457926605597,0.21106657744209095,0.14619945684370683,0.01779339265364402
HMV23/000059/0923/14,0.1350341111059637,0.08808614149241231,0.14663402473563958,0.18890805395173824,0.13560329085461964,0.13492080849050905,0.09354832343874636,0.13492080849050905,0.10002209701931034,0.10870979818013332,0.09748087970734182,0.00850048493328353,0.1520257517135669,1.0,0.08237310360063115,0.03180216964085511,0.13889186696661102,0.06781692593897366,0.033305144509695156,0.08967057696591454,0.31075589422385314,0.04900830303860922,0.14044731291494544,0.08899640607037429,0.20281029187111527,0.09792656035183406,0.14098285757529908,0.034623525384198994,0.04941181513804012,0.034654117037141996,0.09107312398993166,0.07425279445918068,0.0841465086693236,0.0,0.1107036779299079,0.09748087970734182,0.16849918742505135,0.12763691757186518,0.09421273203092563,0.008625323878277032,0.00865082595294642,0.16455673734657855,0.10870979818013332,0.024928211920719145,0.00850048493328353,0.10921309630456463,0.1006568155509383,0.2129081037147158,0.1288819724656391,0.08465915485462995,0.05944000869240969,0.0565537523904753,0.0,0.08609232095854655,0.05776231668394794,0.07613203126924571,0.09024604292682388,0.18192421637485168,0.14098285757529908,0.20845383545207294,0.3408262554858564,0.05042384737482391
HMV23/000059/0923/15,0.11462882860591905,0.27189193354389884,0.07899874433202203,0.3512226230295619,0.09796501786494413,0.057235747848228956,0.09167062090789634,0.057235747848228956,0.07792462947549947,0.10804062690317039,0.11236080646356589,0.008625082845167529,0.1368433211489214,0.08237310360063115,0.9999999999999999,0.08202729835390381,0.15241275118321324,0.011388349668366176,0.02739565894386298,0.12899654514253336,0.11666373546202907,0.08646134523451378,0.12272818227590299,0.1397642383074655,0.22942405226986098,0.3238091739034449,0.12319616148695825,0.05625434627297112,0.08717322866593381,0.05630404986088199,0.7393837064306845,0.07276239190621582,0.08245751942309687,0.0,0.056425975349298614,0.11236080646356589,0.2243749043854952,0.11489676774540145,0.06394986100381106,0.041426566587055444,0.04154905049714492,0.37972958397039613,0.10804062690317039,0.06507927382635416,0.008625082845167529,0.14275864371760674,0.09692014339659849,0.21688285526214107,0.12038778532062183,0.05433341835101707,0.03605857491676194,0.040820782925341,0.023995189528688777,0.07940840297146089,0.04263753710575105,0.058435002455351825,0.08407665839093752,0.2272554767384988,0.12319616148695825,0.2006770457697725,0.12552455398192075,0.04329789255751692
HMV23/000059/0923/16,0.13083665318046653,0.09087482818692325,0.068378274907328,0.16240055367707878,0.10716127870168843,0.02719883997001015,0.042473982860205005,0.02719883997001015,0.03483255436652244,0.10538739147305351,0.048978550033636936,0.010921575955920365,0.07176041500785706,0.03180216964085511,0.08202729835390381,0.9999999999999999,0.049216892655825635,0.007443880321551654,0.02042368835510009,0.0694623763526181,0.03590361677595753,0.027008416518949585,0.09217140141662986,0.059843691508112265,0.043247053476234115,0.11120414798881675,0.09316379085338927,0.026248028544044955,0.027230791548815032,0.02967799704535845,0.06882936196797085,0.03371318483592729,0.038205253024199345,0.0,0.022575970946076888,0.048978550033636936,0.03102250816680624,0.1133473874375117,0.03842808397869319,0.03208782910050761,0.032182701620687475,0.1586127139386868,0.10538739147305351,0.9524878585321539,0.010921575955920365,0.04609940302891513,0.025670773348265875,0.07390146269961459,0.020155654955856264,0.033666720816670756,0.19745665812658664,0.011880085780626586,0.05168466059082687,0.06284102480411169,0.04825515382857276,0.06850223840007119,0.07779526840261103,0.12951697806841558,0.09316379085338927,0.08138709649042013,0.047267654711612705,0.013753903780988543
HMV23/000059/0923/17,0.37181017999207483,0.13683807434110956,0.15421419053567342,0.2480115874180154,0.3056423776406794,0.19578571637235864,0.14744578711371048,0.19578571637235864,0.21124127376343443,0.3412473208043537,0.1957146300117632,0.056834715101111516,0.27620852778771254,0.13889186696661102,0.15241275118321324,0.049216892655825635,1.0000000000000002,0.0,0.20744347856856032,0.1283351699503167,0.17395237829449106,0.08509808583784564,0.3694374489069815,0.0771402967440854,0.1441124469871175,0.11881267361621994,0.37084616402577214,0.06398017053739743,0.09602018209770541,0.07292712482592571,0.17408111871602552,0.10450683186874705,0.1326271572546458,0.09593412857230728,0.17353675150124523,0.1957146300117632,0.1798451750983729,0.13514920698680608,0.18507905516888953,0.0,0.0,0.1427242217126052,0.3412473208043537,0.038195509182741644,0.056834715101111516,0.9648490314668777,0.09194967493894887,0.17064542645916803,0.09688884736054648,0.038865179353490716,0.17349244197084168,0.04207954220382174,0.0,0.1077170227259992,0.05388062043616196,0.05313157746962466,0.07867295057291565,0.2177786149564681,0.37084616402577214,0.22728415083030412,0.25293971089617495,0.011786417430693502
HMV23/000059/0923/18,0.04370454901454017,0.02174082196532147,0.0138605163542514,0.027249566223335256,0.04643828768938661,0.03000698832649749,0.03212037088842038,0.03000698832649749,0.07191887131381881,0.0,0.0,0.0,0.019778892313073615,0.06781692593897366,0.011388349668366176,0.007443880321551654,0.0,1.0,0.0,0.011726784202216041,0.04989801944811882,0.0,0.04402077256332124,0.08962827183475301,0.0166498755436496,0.04097009021555715,0.044188629741943125,0.005459887338568112,0.0,0.005464711427874904,0.021203504810842908,0.0,0.028892202105515095,0.0,0.07622695853686845,0.0,0.02767945345066815,0.0,0.0,0.0,0.0,0.02421166730378633,0.0,0.0092618178365904,0.0,0.0,0.02391240356725509,0.014245268823228288,0.05534779064935765,0.0,0.014204133972140246,0.033806977314689526,0.0,0.0,0.0,0.04266584847411912,0.11948244735120277,0.04900217242071833,0.044188629741943125,0.06824458392469268,0.09174185929000765,0.4091471570487335
HMV23/000059/0923/19,0.1811107670685001,0.02361246616016633,0.02794223787038637,0.0697582125958803,0.09852735601356719,0.020034219849860334,0.05676943943484547,0.020034219849860334,0.02400838204050182,0.03761457978479733,0.07619814254689633,0.04603677354269441,0.07810712593842176,0.033305144509695156,0.02739565894386298,0.02042368835510009,0.20744347856856032,0.0,0.9999999999999999,0.0860989346661218,0.03962879683038538,0.02452824175017245,0.20024778232629417,0.06087254908862694,0.04569261077637245,0.04842637034687899,0.20101135429037617,0.03391337537367642,0.024730196147903043,0.03394333957281688,0.04165798566369083,0.04506002206098945,0.051063984387541915,0.0,0.01696435542722418,0.07619814254689633,0.030330830727489762,0.03771873157925486,0.016420743866235342,0.08686078753684408,0.08711760459332418,0.06642927159081771,0.03761457978479733,0.013902096087524941,0.04603677354269441,0.19430362235841475,0.01321744179471708,0.03318953223620223,0.012357470932245426,0.0,0.020783704706635493,0.0,0.017895360169605065,0.06649749243328809,0.0680515158960403,0.03181918109234292,0.08576099409546399,0.07170072343540351,0.20101135429037617,0.07320335366194182,0.0359419634018634,0.0
HMV23/000059/0923/20,0.16569425784203673,0.17953103605916373,0.08980752911434386,0.1688936839053199,0.1649243650683095,0.07740768688812309,0.11183271694682353,0.07740768688812309,0.13471613698451526,0.17945741598244364,0.10099425906219006,0.0074011664110609915,0.16878273069215682,0.08967057696591454,0.12899654514253336,0.0694623763526181,0.1283351699503167,0.011726784202216041,0.0860989346661218,1.0000000000000002,0.1181786631366358,0.1024853450812154,0.17788322466473303,0.12938520804911469,0.15654993266890446,0.1823817273139386,0.1998400652275249,0.10450878952197488,0.10332916284658554,0.10460112837491006,0.1430082151700095,0.08876579974948934,0.10059327992384173,0.03834308599395989,0.08873011863820336,0.10099425906219006,0.113269555677461,0.07353195123223402,0.07509246517445912,0.10641105966550041,0.10672568005860507,0.21545594194693124,0.17945741598244364,0.04798670195091345,0.0074011664110609915,0.12020618131453065,0.06566900413874831,0.145723828031471,0.07878201040596705,0.031204016537526764,0.07483281866360003,0.023647336015774022,0.014310246971540923,0.1008743585298768,0.05441823970182609,0.08739414637408222,0.18812628341670856,0.216038893671115,0.1998400652275249,0.13889331944896008,0.09826192406529154,0.04390282300787003
HMV23/000059/0923/21,0.15453175776390338,0.16823407473667398,0.13105901982328658,0.1559791556590187,0.1636055211106675,0.12187568855278877,0.14111535161159172,0.12187568855278877,0.1462953879282333,0.1548561910174826,0.11836525713696518,0.01210886912317302,0.14988604464496746,0.31075589422385314,0.11666373546202907,0.03590361677595753,0.17395237829449106,0.04989801944811882,0.03962879683038538,0.1181786631366358,1.0,0.048865449273763586,0.15613847960095306,0.07429876715816346,0.4882977924298134,0.1632689494707838,0.15673385680889343,0.045455872854799025,0.06544514580183643,0.05489471752904164,0.13302104610538623,0.09218313394503304,0.12693294461374882,0.0,0.09549818407068603,0.11836525713696518,0.22229898059536202,0.07740072334478852,0.11853957027553226,0.006143350573923786,0.006161514319108011,0.1653654409399123,0.1548561910174826,0.030532215219503066,0.01210886912317302,0.1629339107390165,0.11748827938573343,0.21979825440323422,0.12769181812627228,0.10300739542962693,0.05223472929092249,0.08900179343863704,0.0,0.10576612559813073,0.06501598847793888,0.11452348714853225,0.11631964512705292,0.17416196099271652,0.15673385680889343,0.14692805780733698,0.18230116924953246,0.035914172740774665
HMV23/000055/0923/1,0.04142289544424415,0.13271710461083525,0.0364627896262148,0.08212632499335097,0.03913344469498456,0.12551239435366304,0.09377299160097018,0.12551239435366304,0.12244351368909889,0.10651539079910038,0.0918754605053933,0.059461747430817766,0.0924661286116958,0.04900830303860922,0.08646134523451378,0.027008416518949585,0.08509808583784564,0.0,0.02452824175017245,0.1024853450812154,0.048865449273763586,1.0000000000000002,0.037096209921860274,0.07230254084579203,0.05537293585099804,0.0742132559456628,0.03723766280358996,0.7896516980284837,0.9778235628658277,0.7726818806993208,0.05151493736934852,0.08957454055589262,0.09292918874878218,0.15507586335468546,0.13861808091447456,0.0918754605053933,0.053370888595864543,0.04134483546497027,0.07555718781482922,0.06220669675875726,0.07273456785233293,0.04464267547216728,0.10651539079910038,0.014696291394281262,0.059461747430817766,0.07970781462091578,0.043149542062102544,0.14119259508780282,0.05725532184789168,0.03434518447321394,0.056650235253154296,0.033049779586427776,0.0478104038097222,0.023294274355208054,0.0,0.02516852243100819,0.0,0.09484089210087428,0.03723766280358996,0.09679912830522061,0.060657831785404286,0.048465560967774324
HMV23/000055/0923/2,0.8180349682056643,0.11308362770081822,0.11748869176269931,0.20304389773139986,0.7527596403523598,0.10267418797379649,0.14559625047695562,0.10267418797379649,0.12093366368920305,0.19382486811831992,0.17355331126726598,0.009260994820814846,0.21480143354560777,0.14044731291494544,0.12272818227590299,0.09217140141662986,0.3694374489069815,0.04402077256332124,0.20024778232629417,0.17788322466473303,0.15613847960095306,0.037096209921860274,1.0000000000000002,0.12724986281619824,0.15183741396520875,0.17558962013631188,0.9695757459042315,0.05134983587635775,0.037401643259038,0.054968478019856146,0.18337115229376513,0.11556517597850441,0.13096350316745278,0.08062135167600802,0.10163082850268004,0.17355331126726598,0.17342969593562285,0.13401133732423154,0.1531564926049906,0.05096584023920041,0.05111652845470518,0.20448286223869805,0.19382486811831992,0.07787727612707607,0.009260994820814846,0.3460365929688838,0.10189860001075302,0.1431265036504922,0.04605658070368172,0.0436377288524427,0.10154912216074562,0.03310563332339078,0.14814784561094518,0.19902184610723356,0.21865513356120583,0.20406513213371488,0.32197265501191485,0.31420716308435026,0.9695757459042315,0.2129227432114309,0.12063979120324647,0.05280234293796094
HMV23/000055/0923/3,0.11637091471649247,0.20911784337112044,0.07779920031590211,0.233878584652609,0.10758294290231014,0.07220080912538282,0.10308351256575936,0.07220080912538282,0.07304265795692622,0.12462534159045438,0.1435102578344804,0.006759283393789084,0.15441502110297678,0.08899640607037429,0.1397642383074655,0.059843691508112265,0.0771402967440854,0.08962827183475301,0.06087254908862694,0.12938520804911469,0.07429876715816346,0.07230254084579203,0.12724986281619824,0.9999999999999998,0.09002993223426904,0.2918164571525538,0.1277350838086655,0.062360280280771826,0.07289784711517845,0.062415378773216165,0.17762296254620075,0.11480758715756906,0.092723390061166,0.0,0.048721172783004224,0.1435102578344804,0.08751303573520347,0.08590179440560912,0.12957304429290312,0.08536097311268784,0.08561335574096851,0.25210378149865603,0.12462534159045438,0.04073469664798456,0.006759283393789084,0.07225408670644257,0.05749021449001223,0.08284457263394121,0.03866206763816347,0.0824151945994827,0.0335314879702556,0.029394671655732837,0.013069158203387948,0.07247572507616917,0.040978175002419764,0.009278938502088723,0.0932166407538356,0.2728095350041403,0.1277350838086655,0.18049542676467867,0.106918569502693,0.05780793640628221
HMV23/000055/0923/4,0.1419530245878305,0.24173526546015273,0.11924691018078022,0.15233516272779962,0.14760280702629183,0.08081450978626412,0.1646904478853531,0.08081450978626412,0.11820766206642845,0.16788013672383234,0.21499460122203112,0.02089150474900564,0.14552840787985638,0.20281029187111527,0.22942405226986098,0.043247053476234115,0.1441124469871175,0.0166498755436496,0.04569261077637245,0.15654993266890446,0.4882977924298134,0.05537293585099804,0.15183741396520875,0.09002993223426904,1.0000000000000004,0.2511411784283758,0.1524163906263017,0.05025229997891852,0.0558288514451227,0.05029670045239671,0.24242715895230338,0.13072095283705074,0.1481386912274669,0.012887347989659077,0.08882104563287234,0.21499460122203112,0.3273321841394061,0.05599129877408405,0.08925602330130855,0.03342835579708291,0.033527191787202565,0.1736667547829552,0.16788013672383234,0.035135989164210756,0.02089150474900564,0.1349840962451726,0.17951321027284348,0.2959009109049112,0.15723093909818164,0.10933523468780881,0.049293669892365166,0.06854739576288266,0.0,0.08739726622643104,0.056471313187618874,0.06974238734717075,0.11851020509738477,0.18951972829248637,0.1524163906263017,0.12523497625177704,0.11393343165020903,0.03076363083508795
HMV23/000055/0923/5,0.15526803919723772,0.5100917483766003,0.11357595180849783,0.2959589564186482,0.13661517354017497,0.10207471514480283,0.15197038703544516,0.10207471514480283,0.11111969948728206,0.23020313320238672,0.18585408454956348,0.012928798310461733,0.21736953717532143,0.09792656035183406,0.3238091739034449,0.11120414798881675,0.11881267361621994,0.04097009021555715,0.04842637034687899,0.1823817273139386,0.1632689494707838,0.0742132559456628,0.17558962013631188,0.2918164571525538,0.2511411784283758,1.0,0.1762591671822883,0.056730061065294,0.07482429417501438,0.05678018497151924,0.39818148951004256,0.12062456597433026,0.13669702481126494,0.0,0.0748309974255601,0.18585408454956348,0.11271757935120509,0.12673128683739182,0.10259335843149753,0.05419619776975319,0.05435643702590474,0.3929167792465557,0.23020313320238672,0.07569498338363662,0.012928798310461733,0.11128685762994339,0.06448231584733655,0.11522727482190734,0.020640359005403078,0.06731836780771946,0.06846716716661515,0.04708550799086578,0.016665327831880284,0.11286665043832744,0.057603912058552566,0.011832173860216793,0.11342525765036746,0.2903146008474794,0.1762591671822883,0.1837404068279195,0.14597373918135226,0.04914308922337166
HMV23/000055/0923/6,0.7871628012996454,0.11351483091668371,0.11554002145898505,0.21205896996461698,0.783717832375245,0.10306569858360652,0.14615142873485268,0.10306569858360652,0.12139480015740288,0.1945639486390514,0.1742150935912337,0.009296308250619329,0.1925457926605597,0.14098285757529908,0.12319616148695825,0.09316379085338927,0.37084616402577214,0.044188629741943125,0.20101135429037617,0.1998400652275249,0.15673385680889343,0.03723766280358996,0.9695757459042315,0.1277350838086655,0.1524163906263017,0.1762591671822883,1.0,0.05742723998178654,0.03754426079952422,0.06106487719293325,0.1840703713776738,0.1160058416746548,0.13146288477445447,0.0809287718288359,0.10201836064126134,0.1742150935912337,0.17409100689755863,0.1256232832872751,0.1306351976456848,0.07208017560651053,0.0722932915481773,0.2125846973179415,0.1945639486390514,0.06985268631031274,0.009296308250619329,0.3473560774489014,0.10228715319842645,0.15413326589142717,0.04623220069496585,0.04380412543342277,0.11666276381927078,0.03323186959510004,0.11083249887055584,0.22726847239887016,0.18331688982220304,0.15105424833199962,0.3515357080157108,0.3069321396687488,1.0,0.2137346465211353,0.12109980709578408,0.05300368543592465
HMV23/000055/0923/7,0.057073318094415515,0.09288065219580796,0.04703263101402693,0.07278409730367028,0.05578265393720466,0.05588588304086123,0.05469407496380577,0.05588588304086123,0.058979505460735285,0.0844373774108092,0.07330576506875015,0.019005734532833832,0.0697148194738669,0.034623525384198994,0.05625434627297112,0.026248028544044955,0.06398017053739743,0.005459887338568112,0.03391337537367642,0.10450878952197488,0.045455872854799025,0.7896516980284837,0.05134983587635775,0.062360280280771826,0.05025229997891852,0.056730061065294,0.05742723998178654,0.9999999999999999,0.7783560748795655,0.9770356399993846,0.04109942885733263,0.0463669255586219,0.050871111579292944,0.03817477771253676,0.05598078568350605,0.07330576506875015,0.04080291734585002,0.050370864356413636,0.04007190293365266,0.07749959794936681,0.08883058935832788,0.04719941173570242,0.0844373774108092,0.017102164295753647,0.019005734532833832,0.05992754739897399,0.035915468406542514,0.1308913204540272,0.033402800493529325,0.014531279718271048,0.06196191554966763,0.014356491388090808,0.03604339252056654,0.04342162891074367,0.032642038986079834,0.04327249972451923,0.03985532332999005,0.08255522734234248,0.05742723998178654,0.09602602465838417,0.04579220398860041,0.018909448773046008
HMV23/000055/0923/8,0.0417639527441071,0.13380983694783782,0.03676300766848388,0.08280251583779838,0.039455651697630545,0.12654580637999552,0.11635431224444921,0.12654580637999552,0.12345165794643954,0.10739239012978904,0.09263192130195477,0.059951328441666826,0.09322745270106406,0.04941181513804012,0.08717322866593381,0.027230791548815032,0.09602018209770541,0.0,0.024730196147903043,0.10332916284658554,0.06544514580183643,0.9778235628658277,0.037401643259038,0.07289784711517845,0.0558288514451227,0.07482429417501438,0.03754426079952422,0.7783560748795655,1.0000000000000002,0.7872503791779075,0.051939087956925103,0.09031205662305355,0.11331168508769925,0.1563526875520875,0.13975939920914834,0.09263192130195477,0.08492902874761533,0.04168525005443182,0.0761792913685523,0.0627188784351563,0.0733334312357921,0.045010242977816174,0.10739239012978904,0.01481729398010193,0.059951328441666826,0.08993808496579266,0.04350481578568453,0.14235511076240373,0.05772673615301939,0.03462796711682456,0.057116667550192735,0.04862484058066888,0.04820405295118914,0.023486068826083416,0.0,0.025375748608941935,0.0,0.09562176891379666,0.03754426079952422,0.09759612834529033,0.09803285753507937,0.04886460437559842
HMV23/000055/0923/9,0.05944295659619284,0.09296271699555217,0.04707418674554218,0.07284840577081152,0.05829621975410897,0.05593526107268866,0.06741307503986277,0.05593526107268866,0.05903161686596578,0.09003581397816382,0.07337053445600406,0.019022527069939846,0.07218466643766902,0.034654117037141996,0.05630404986088199,0.02967799704535845,0.07292712482592571,0.005464711427874904,0.03394333957281688,0.10460112837491006,0.05489471752904164,0.7726818806993208,0.054968478019856146,0.062415378773216165,0.05029670045239671,0.05678018497151924,0.06106487719293325,0.9770356399993846,0.7872503791779075,0.9999999999999997,0.0411357423017265,0.04640789310536891,0.062313302819325095,0.038208507078278664,0.05603024756666505,0.07337053445600406,0.05891823742847403,0.050415369587574574,0.040107308506415945,0.07756807280215494,0.0889090757207135,0.047241114826502964,0.09003581397816382,0.020932567338311135,0.019022527069939846,0.06830778494286788,0.03223795673906739,0.13100696962042918,0.03343231357368749,0.014544118846032482,0.06526700430891876,0.0232598418847233,0.03607523869863888,0.04345999413748235,0.03267087989459314,0.043310733188005664,0.03989053754361251,0.08262816910189652,0.06106487719293325,0.09611086855533713,0.06725655472873401,0.018926156236765815
HMV23/000055/0923/10,0.1662709285199427,0.2997302258326894,0.08150197923821598,0.42258428722579955,0.14119139450891477,0.06753451227146279,0.12065385054026874,0.06753451227146279,0.0811052108752767,0.12488462510195115,0.13132349129815707,0.010705793840608073,0.17402534116340684,0.09107312398993166,0.7393837064306845,0.06882936196797085,0.17408111871602552,0.021203504810842908,0.04165798566369083,0.1430082151700095,0.13302104610538623,0.05151493736934852,0.18337115229376513,0.17762296254620075,0.24242715895230338,0.39818148951004256,0.1840703713776738,0.04109942885733263,0.051939087956925103,0.0411357423017265,1.0000000000000002,0.09576746258570187,0.10852786995292037,0.0,0.047690972918633105,0.13132349129815707,0.21608860547529446,0.13591119555686368,0.0890296656420256,0.04508732371006803,0.04522063120229947,0.4097406798273794,0.12488462510195115,0.04685110676803002,0.010705793840608073,0.1630544965025252,0.09980553367512741,0.2327719092058269,0.09406409329028298,0.06841517705545674,0.043554047305074325,0.047656229875644496,0.03432577439606828,0.11589480893699602,0.06950194179681829,0.05679655631582793,0.13313386051347398,0.2738381705723616,0.1840703713776738,0.21724047057057844,0.14751935104348798,0.02288999489521739
