,HMV23/000059/0923/1,HMV23/000059/0923/2,HMV23/000059/0923/3,HMV23/000059/0923/4,HMV23/000059/0923/5,HMV23/000059/0923/6,HMV23/000059/0923/7,HMV23/000059/0923/8,HMV23/000059/0923/9,HMV23/000059/0923/10,HMV23/000059/0923/11,HMV23/000059/0923/12,HMV23/000059/0923/13,HMV23/000059/0923/14,HMV23/000059/0923/15,HMV23/000059/0923/16,HMV23/000059/0923/17,HMV23/000059/0923/18,HMV23/000059/0923/19,HMV23/000059/0923/20,HMV23/000059/0923/21,HMV23/000055/0923/1,HMV23/000055/0923/2,HMV23/000055/0923/3,HMV23/000055/0923/4,HMV23/000055/0923/5,HMV23/000055/0923/6,HMV23/000055/0923/7,HMV23/000055/0923/8,HMV23/000055/0923/9,HMV23/000055/0923/10,HMV23/000055/0923/11,HMV23/000055/0923/12,HMV23/000055/0923/13,HMV23/000055/0923/14,HMV23/000055/0923/15,HMV23/000055/0923/16,HMV23/000055/0923/17,HMV23/000055/0923/18,HMV23/000055/0923/19,HMV23/000055/0923/20,HMV23/000055/0923/21,HMV23/000055/0923/22,HMV23/000055/0923/23,HMV23/000055/0923/24,HMV23/000055/0923/25,HMV23/000055/0923/26,HMV23/000043/0823/1,HMV23/000043/0823/2,HMV23/000043/0823/3,HMV23/000043/0823/4,HMV23/000043/0823/5,HMV23/000043/0823/6,HMV23/000043/0823/7,HMV23/000043/0823/8,HMV23/000043/0823/9,HMV23/000043/0823/10,HMV23/000043/0823/11,HMV23/000043/0823/12,HMV23/000043/0823/13,HMV23/000043/0823/14,HMV23/000043/0823/15
HMV23/000059/0923/1,0.9999999999999999,0.08457908604260371,0.07557760829173875,0.11386662371413539,0.5350580144788468,0.07261280485744226,0.09060132444866897,0.06806587422412924,0.08085617244681428,0.11443489395724113,0.10063274881103212,0.05547852975596408,0.1591066558484027,0.11699507291257116,0.07648245359338278,0.13081083306544958,0.23107177588317512,0.022283126522820763,0.09054493180957848,0.06748792694568055,0.11951313935424496,0.08618080095450452,0.5934672443178929,0.08628360999336515,0.11141994094036972,0.10513934408664127,0.5380478840697547,0.06227532700219024,0.08676646856902301,0.06632307359378789,0.10149760336116291,0.07261291983054777,0.0816512409661786,0.057265395794174646,0.061993534851443065,0.10527818475376666,0.11105485396996545,0.072831066047153,0.13280816098160633,0.08105570112646272,0.07491578041063006,0.10802978374761746,0.11341859234833326,0.12888000659837598,0.04843310694692032,0.21903884472269194,0.09382881864582418,0.14048309826259217,0.04671331857554538,0.027030966939174932,0.15555418699773785,0.01896657270296274,0.15458269816646178,0.1336284979466661,0.2097218733002016,0.2478799262726024,0.21735866010141977,0.21986507539107003,0.511129498764664,0.13719275502874387,0.06206672420759972,0.02004393657787986
HMV23/000059/0923/2,0.08457908604260371,1.0000000000000004,0.0534623108313094,0.2003564563047926,0.07039031017301396,0.08598172001629295,0.11176284048566035,0.1075090859044043,0.12527971327371212,0.13690247444908576,0.1338907364004101,0.020839757608434387,0.13967980342301603,0.0833901512472187,0.24666227570723337,0.0688714652757171,0.10058075579975495,0.01333349804093165,0.026047046046921,0.11390103372145378,0.13053824257411933,0.13681843373956298,0.08663052055264117,0.2478052160836026,0.28660562985728394,0.45845800396000896,0.08401221146868278,0.09573620660574286,0.1141610393725104,0.09315148723780783,0.2592989314461017,0.08957293092130704,0.10072230924978819,0.02310382020609393,0.08482691830097326,0.14343143639601963,0.06072575403388422,0.047442139033486555,0.07739062432044172,0.058993785972279535,0.06111468173333716,0.23151630533996773,0.13568663721417681,0.042336111584198734,0.018193240041453927,0.09534307021058239,0.05052109463253067,0.11509765963494133,0.03404202012658994,0.042890250301401256,0.02063222541806553,0.031121371349162413,0.02332218176594963,0.04925050918643114,0.03699105997054867,0.02668285430036833,0.05410588751065358,0.1429132717562147,0.08924868708558173,0.16192128279150453,0.18078777950932692,0.014342884854978935
HMV23/000059/0923/3,0.07557760829173875,0.0534623108313094,1.0000000000000002,0.08835760511431551,0.055266594375836864,0.04069675314600544,0.0485845743344621,0.045142285767890596,0.04290723359873164,0.05136459047827964,0.11683557569167038,0.01209643847490266,0.09296167686872703,0.0773977778506526,0.04597198912034052,0.0825815709142089,0.14386459502639562,0.005648403399989881,0.010606249366223544,0.039092953366199265,0.07057235440841057,0.03401268930704336,0.06877513873252629,0.04399809178394538,0.06737026290530823,0.07136818771564778,0.061463875897691034,0.04097431003366256,0.03655675385532565,0.041448721486120055,0.04534019868463252,0.03893836897658524,0.04378513018835521,0.01538231683775701,0.03331603657108296,0.12729510131521155,0.09493329028863262,0.840257668734588,0.05964420208603993,0.029404848101462766,0.028836077593666794,0.09419917510809536,0.05090841916427926,0.07802281851453048,0.010560267204428212,0.17079490354603838,0.04822866477511084,0.12232315699089222,0.03544167070371646,0.019250637825057326,0.23339493237858064,0.013587069933584828,0.025466058728979436,0.04685057675223833,0.04368699458240178,0.04513866813241208,0.06273218662520356,0.0991519041480517,0.06320703908014431,0.29925894416426024,0.03623739666575281,0.006076004911226258
HMV23/000059/0923/4,0.11386662371413539,0.2003564563047926,0.08835760511431551,1.0000000000000004,0.1007152986659729,0.14426490800098346,0.11532122795438587,0.16606964511843675,0.14103979626458185,0.09577380285349454,0.1396449005515247,0.025840894433216917,0.10885114581725222,0.12706941987920767,0.3389097728236066,0.1710177076317168,0.16349449502771718,0.012306717841390105,0.03549915629262784,0.08034044812778598,0.1038881857359886,0.07487010811740946,0.11890627831390684,0.15437957496404794,0.1173103955082774,0.20459572907456627,0.12396948011131362,0.06600759238958251,0.09788112928775165,0.07187126010973417,0.39044986173486257,0.09242481973821923,0.10392918016947933,0.031714222177062656,0.08418967668102627,0.15171900347739675,0.10605550601714855,0.158377471034334,0.08054478638233964,0.05165362994223213,0.05065450689863148,0.6751960281840159,0.09492323126151492,0.15078864381125986,0.02255926408276037,0.1549806122903416,0.060330426372755555,0.30454070132057676,0.0443423936314946,0.061608763457877955,0.07031702363686698,0.03409387380238388,0.013449541871427731,0.08179021411489933,0.06039680312003143,0.0546276510039274,0.1250214081963273,0.2271147124057099,0.12543888318898555,0.196722804646579,0.13959056698025263,0.017070712857422475
HMV23/000059/0923/5,0.5350580144788468,0.07039031017301396,0.055266594375836864,0.1007152986659729,0.9999999999999998,0.08323056732676382,0.06719623468798247,0.08665586961017124,0.08482737140389664,0.10896659630232472,0.07732107656639668,0.044754161037194436,0.11031103699268761,0.0927323277450545,0.0570973861025192,0.13314989857612464,0.14737315353087624,0.025297333854415387,0.04613244051386742,0.07846628790581814,0.09813548850136213,0.1267703192489326,0.6346478567509335,0.06296286706314572,0.09031430877637392,0.07853237527781681,0.7425035845685121,0.07003664212281059,0.14989466750773145,0.0808530296084749,0.07339034628133825,0.05385478448582244,0.06055823117284406,0.07284999811430246,0.07053860635075457,0.0834292909384927,0.09764469951889557,0.06426450594789049,0.08251145459989731,0.09523418895140566,0.08936689643823556,0.10056957830703851,0.10799885889890085,0.11716818077924444,0.03907066530725991,0.1396987804727105,0.06099054904638512,0.12335330252235809,0.04023051380090283,0.025178098094649062,0.08229638158193536,0.017529481803836493,0.13265422933991816,0.17879369060299802,0.1564039041162824,0.1930613554185677,0.2465761586626337,0.17890409685780467,0.654483086776016,0.12370177937824461,0.05679075147453867,0.014174119846190153
HMV23/000059/0923/6,0.07261280485744226,0.08598172001629295,0.04069675314600544,0.14426490800098346,0.08323056732676382,0.9999999999999999,0.31834993818586155,0.7914642871313378,0.5296564646158466,0.24471763092825105,0.07812193383680686,0.07494885678029914,0.11220542668286101,0.10587746490511801,0.03832365863469457,0.032582691485114015,0.13042920468695024,0.03939457556269504,0.009193940596614724,0.03888437652052439,0.0872552009894007,0.08658113393751407,0.08895031161789896,0.07100283825531128,0.06661324665808835,0.07865811313326564,0.08626188948394038,0.042405007186052696,0.06789958187873565,0.040128429796020694,0.04497667590759107,0.46765637429720713,0.29382842888338695,0.5514754637409481,0.5173455712062722,0.08482928659077682,0.05037468947226894,0.025184966276619425,0.08406231451492308,0.02246419604239186,0.02612980025440987,0.08974887508303775,0.24254428228047378,0.07333906637358764,0.06543082543746406,0.10509878965168323,0.10159562129989072,0.07344647445535801,0.10339665912789449,0.3399514087919675,0.01782554585731552,0.26077055456231757,0.03684216279593984,0.0628555757107657,0.03355717700399399,0.04364535630637806,0.07881007703504381,0.07156991463876378,0.08467782585737045,0.07592352358922941,0.052540547956675426,0.02649813058546587
HMV23/000059/0923/7,0.09060132444866897,0.11176284048566035,0.0485845743344621,0.11532122795438587,0.06719623468798247,0.31834993818586155,0.9999999999999999,0.2931576581551004,0.3309298020983268,0.11665241337019563,0.14086553620603046,0.036787778950096994,0.0964843697396575,0.07766664959856481,0.06382223547072106,0.03556782449244848,0.10505344332707935,0.08426093619028731,0.032674542074520814,0.05748249416932254,0.09756452823295332,0.07322082001835571,0.09396888518105859,0.09131080175495232,0.14332153817601911,0.11572765593996337,0.09112878236152742,0.04461188995873396,0.07721957079560315,0.054817671641876745,0.08312513558328986,0.4838038616418992,0.893806501645085,0.19747510956393904,0.3112263040972559,0.15467770592679425,0.09442675954478254,0.031567085151213446,0.09358806944447953,0.03396538396464506,0.03579276135081672,0.09221522264940896,0.11561641786837418,0.053684480363310055,0.03211596341985198,0.1098970091472252,0.07067505050894812,0.07111390137390013,0.1603839498388312,0.3244014833813478,0.02641436418683251,0.359365525763695,0.026409027112211714,0.09019856094544418,0.09368235884879755,0.04586551254473225,0.0918240751252583,0.10880225888872017,0.08945534591889795,0.1042137093452063,0.08970187253650051,0.005392300152604927
HMV23/000059/0923/8,0.06806587422412924,0.1075090859044043,0.045142285767890596,0.16606964511843675,0.08665586961017124,0.7914642871313378,0.2931576581551004,1.0000000000000002,0.6870673162713836,0.3099108907276888,0.0962777015379987,0.05113593300154012,0.10912099276091328,0.0998561693124793,0.05255994522432411,0.02548686291240169,0.15064047108460582,0.03988016250797659,0.016042485960475,0.03863271796468981,0.0924506444082431,0.09614967705878666,0.08743896170456096,0.06288876656023222,0.06283050338601565,0.0850182719706191,0.08479621840505805,0.04898408497382391,0.09281127233405595,0.05094139496903002,0.05892270220686574,0.2709515910940234,0.27234769570221706,0.6932812824274903,0.6735178600085404,0.10470612607956466,0.060123023116736354,0.032926710647165444,0.09250797330436451,0.027623620248072352,0.03191329910675383,0.10994615282275105,0.3071585577113074,0.059311693788040805,0.04464199254717806,0.12098463470159815,0.11476281738739563,0.06946485829260297,0.12165122035516593,0.3547648189502747,0.013373103444324505,0.30384928817786616,0.04068606964593071,0.05865344366424771,0.040265822573729015,0.044672567159882826,0.09092289141219707,0.07773808620114396,0.09326451010560129,0.08873000554863422,0.05969483619642457,0.024206651667767635
HMV23/000059/0923/9,0.08085617244681428,0.12527971327371212,0.04290723359873164,0.14103979626458185,0.08482737140389664,0.5296564646158466,0.3309298020983268,0.6870673162713836,0.9999999999999999,0.28244561496197823,0.09614111005002202,0.04166508216878102,0.09128650282496654,0.07181768512731024,0.06464783310697074,0.03099426975234598,0.1556343910151859,0.11091938065637756,0.022255539679658633,0.06226489697156731,0.09930582922172018,0.08757215927715858,0.08956107883350026,0.05934870091178194,0.08678040279855845,0.0860819969146128,0.08685419695419336,0.0492437634621044,0.0853742771865733,0.050491959937914235,0.06592120773200626,0.2013375370842292,0.30302595440503227,0.6231131486885051,0.951514784351007,0.10395523765275126,0.0523997097843104,0.029824489225737008,0.08441661053490636,0.03340384260168313,0.03559134934657486,0.11243469121997701,0.27993720233547564,0.06446604036418857,0.036373879940750545,0.14752981871884335,0.12460412151608508,0.09366391545818772,0.15680488773869766,0.31524500664181204,0.013307105691529517,0.3861063075065554,0.03690764895646713,0.046913907595158955,0.026705994719324652,0.059037908169966555,0.09443603003410705,0.07812444410193668,0.09114822904500795,0.08964996923388474,0.08027421511078955,0.02036944118722891
HMV23/000059/0923/10,0.11443489395724113,0.13690247444908576,0.05136459047827964,0.09577380285349454,0.10896659630232472,0.24471763092825105,0.11665241337019563,0.3099108907276888,0.28244561496197823,1.0000000000000002,0.11739642309014571,0.037124691548305194,0.21090273411646074,0.06104572731579548,0.06342309183344558,0.08613786449111933,0.18235192267677475,0.009141554870712453,0.015215334257832905,0.06000786221092072,0.07955562730435284,0.055401228252156126,0.1078853963200977,0.06745094611192692,0.08952859430287488,0.12189720735539789,0.10462468275853354,0.05100343306390249,0.04961983506123267,0.0548117683696971,0.07290294458367798,0.09349170546495662,0.10512886396900839,0.18408438110159145,0.25990822522978374,0.127033631748556,0.08100716246680914,0.024241050995044908,0.12085986864494767,0.023654200747383166,0.023196663550653772,0.08753284229041028,0.9063809463591136,0.10757352263513349,0.03241009024643804,0.1728560501316971,0.055745228068323174,0.11884805169745645,0.018731922932266727,0.13441978958234002,0.02392293807692934,0.056665075372128594,0.005428848626078431,0.05378148135469565,0.01638601957997774,0.01398723429338222,0.05710279306292189,0.11310866482672642,0.10270341537857351,0.07935865233033199,0.05459103487083207,0.004924185099905754
HMV23/000059/0923/11,0.10063274881103212,0.1338907364004101,0.11683557569167038,0.1396449005515247,0.07732107656639668,0.07812193383680686,0.14086553620603046,0.0962777015379987,0.09614111005002202,0.11739642309014571,1.0000000000000002,0.03508701349739296,0.11661946280321622,0.08550532865592286,0.07768773062212486,0.033769990709289724,0.12147383096131659,0.06531281086072066,0.03455436146520568,0.04005337583076542,0.07652145412639136,0.06261513185482577,0.09641757760143921,0.09502677850899428,0.16585345710333263,0.12326217919858856,0.09350346583486256,0.05688429346460243,0.05933710127679892,0.05799523924885294,0.09040126576433118,0.11289744327314724,0.12695008500791868,0.029128745370029546,0.07303235134238452,0.9689580336177548,0.10075774628680155,0.10621674345261611,0.12447758552907351,0.03593214183311381,0.035237115540643335,0.11021042008388948,0.11635382000344101,0.02140413574128274,0.030631184435535315,0.11514815037929393,0.04106215528021326,0.06314449273599293,0.022575397103901364,0.04965478883965868,0.01990240486041782,0.030183019116596464,0.011021283440709307,0.06853856047284296,0.053755402328993326,0.026902450734950047,0.07073725631139877,0.08759781225829469,0.09178642207343644,0.1337379022401471,0.07388305692594896,0.006055768707583779
HMV23/000059/0923/12,0.05547852975596408,0.020839757608434387,0.01209643847490266,0.025840894433216917,0.044754161037194436,0.07494885678029914,0.036787778950096994,0.05113593300154012,0.04166508216878102,0.037124691548305194,0.03508701349739296,0.9999999999999999,0.05139829127812297,0.03446584899786686,0.007753119158014309,0.007303174183837455,0.043333804061156424,0.0240218981988513,0.03331199324030651,0.002587303667043986,0.019302327276452872,0.04660971039756071,0.05066408431241443,0.03475544599205728,0.02800289007537649,0.024410479107074935,0.04913281991114582,0.016978632772307458,0.029293855057525124,0.013858313049265877,0.009502486273834066,0.02948376372975362,0.033153685356627376,0.0816494384463561,0.04971458835617158,0.03565423616539684,0.021362096416211653,0.010037934862292028,0.07944325479051148,0.01912035410532329,0.024043102993552244,0.021650962304571753,0.036794985438166714,0.004628906561413042,0.9638265726221139,0.04107722088825786,0.0698597924181771,0.018739096409749093,0.031565701553838366,0.02233308716660446,0.009759954017507785,0.020287658732674473,0.05918938880378635,0.03235671175722889,0.023458524045907148,0.0178674759265854,0.021054905005900817,0.02478438873067315,0.04823057312107816,0.031767791873343394,0.019788006664173744,0.011487552178159277
HMV23/000059/0923/13,0.1591066558484027,0.13967980342301603,0.09296167686872703,0.10885114581725222,0.11031103699268761,0.11220542668286101,0.0964843697396575,0.10912099276091328,0.09128650282496654,0.21090273411646074,0.11661946280321622,0.05139829127812297,1.0,0.10860672447842688,0.09160689980692796,0.057662709377327585,0.15691096016134498,0.01760645042949597,0.03389372750956582,0.07771881149107131,0.0989454012999432,0.08125391881269098,0.1690732015378883,0.10266604261059435,0.09812028639654247,0.13503442150276007,0.1201580081860893,0.05372862665853252,0.05519184058505328,0.051183190187548654,0.10849916362298845,0.0773279181892755,0.08695312757316301,0.029485622124537827,0.07857636544095872,0.12633373390456648,0.15123645010999595,0.07782388829221153,0.14537134993158635,0.039063033431389116,0.03830744709800088,0.1280529214630955,0.16818230266623244,0.05177964911454262,0.0448710329800093,0.13395094235107669,0.043671855282879306,0.09553997126866058,0.023098147139005657,0.013388109491087524,0.03157451191186881,0.00939334901238868,0.05948890016778443,0.07608552722876084,0.08702805952472212,0.08836756914316539,0.07773843493801977,0.16343965593042925,0.11795149576968655,0.1610240756215528,0.0653852699432694,0.011846750181120167
HMV23/000059/0923/14,0.11699507291257116,0.0833901512472187,0.0773977778506526,0.12706941987920767,0.0927323277450545,0.10587746490511801,0.07766664959856481,0.0998561693124793,0.07181768512731024,0.06104572731579548,0.08550532865592286,0.03446584899786686,0.10860672447842688,1.0,0.08613237650947426,0.02326968438107239,0.11153570289158393,0.03497451818618259,0.019523729391187815,0.05265245800757502,0.2754318145889383,0.07024999365756746,0.11603008853187367,0.09781761795046279,0.17051936729976216,0.1258365174470589,0.11252321089940123,0.0537624828850189,0.07121109136615451,0.052450887265885676,0.08391654116341005,0.062246354952603375,0.06999432248919335,0.003658015533100735,0.07279110090844022,0.09182932451930129,0.1325889187750271,0.04514800668446269,0.0669090473005397,0.10452088202843278,0.10249916115636894,0.1169776397113388,0.0605035773758377,0.015441739955130745,0.030088903903417504,0.07894555839602448,0.06894205201050127,0.16202470755250856,0.11347728606198676,0.06667148201170082,0.028982788048276614,0.04473983459892418,0.0912086703925235,0.14069896062878695,0.048525212176684984,0.12561201074565326,0.15642496881033055,0.14123018320093517,0.11045689950050958,0.17721681284321944,0.3077202279949282,0.03226820586267414
HMV23/000059/0923/15,0.07648245359338278,0.24666227570723337,0.04597198912034052,0.3389097728236066,0.0570973861025192,0.03832365863469457,0.06382223547072106,0.05255994522432411,0.06464783310697074,0.06342309183344558,0.07768773062212486,0.007753119158014309,0.09160689980692796,0.08613237650947426,1.0000000000000002,0.09301369907147608,0.11794376648750542,0.012404997229367002,0.014415789279595824,0.06938986083268182,0.0960767559823301,0.08149644282860502,0.07759620603880527,0.11606927790122565,0.19764456189938212,0.2702960338304265,0.07525094884935259,0.056138969331305466,0.0865287866104481,0.05761639382337075,0.7302452311675824,0.051150674626919246,0.0575175336467898,0.009599544734629324,0.04643132215362117,0.08282044162682399,0.18032773983468758,0.04450338927000459,0.04849212676399013,0.08242348653482656,0.08082918997090738,0.3614919207699878,0.06285982840877437,0.07588951447854486,0.006768522003089958,0.1118019120029933,0.06805719302942581,0.180334567423975,0.10573186436424649,0.04914847762975147,0.02039063451430691,0.03494381025242901,0.03769546863451809,0.051925874783111586,0.044965409039828035,0.058156498106281845,0.0641768037318428,0.1633518281156354,0.07603290885904923,0.17786713783081204,0.07228853859367446,0.01586366192507077
HMV23/000059/0923/16,0.13081083306544958,0.0688714652757171,0.0825815709142089,0.1710177076317168,0.13314989857612464,0.032582691485114015,0.03556782449244848,0.02548686291240169,0.03099426975234598,0.08613786449111933,0.033769990709289724,0.007303174183837455,0.057662709377327585,0.02326968438107239,0.09301369907147608,0.9999999999999999,0.053530615832393366,0.003923192623052283,0.009971458223376965,0.04694454286889013,0.032969815188047216,0.049411624044938804,0.1057223990261146,0.037542717722159884,0.031955932440459626,0.08789891571210309,0.10084356120769923,0.03376722496688321,0.06055442932405942,0.04070471345338132,0.050452672967775565,0.028506024653981728,0.03205424452620488,0.01103045244076181,0.024203499647744,0.0365650843154019,0.021501447351964457,0.20113035898318588,0.04908703100341252,0.050224166381182156,0.05898470626925302,0.20120472312771026,0.08537287011533984,0.931608905300797,0.006375717198233099,0.05074303949241181,0.020297125706953252,0.08511642996945878,0.0520115992167887,0.03246645391567322,0.27981460966926963,0.00840962203504237,0.09036630005450311,0.06013022077718143,0.08235355915040031,0.1102151193579321,0.08209242457622325,0.1377523392859848,0.09899172816487406,0.08066677892642113,0.02461104756813557,0.01746227935866329
HMV23/000059/0923/17,0.23107177588317512,0.10058075579975495,0.14386459502639562,0.16349449502771718,0.14737315353087624,0.13042920468695024,0.10505344332707935,0.15064047108460582,0.1556343910151859,0.18235192267677475,0.12147383096131659,0.043333804061156424,0.15691096016134498,0.11153570289158393,0.11794376648750542,0.053530615832393366,1.0,0.011075500429096302,0.10471242826858998,0.060855942028173175,0.11191054471610953,0.0758891460708006,0.22612486767786885,0.06373322354707944,0.09786180024054361,0.08782850093835802,0.2192905003974589,0.06068632670483119,0.08174680218167377,0.06789101384651475,0.1217463910610565,0.07719385851968613,0.09467570223309421,0.09383487142921808,0.14430130493883087,0.13205185385074814,0.11529243974700065,0.053301128482525294,0.11134254383190587,0.036188223105478444,0.0417224207085916,0.09688375147612129,0.18073244678096018,0.04314634841049235,0.03783068469447415,0.9634707007164023,0.05565279282431779,0.15397978675135715,0.11187864697883027,0.03553731706523948,0.2172477165691732,0.030176249650611806,0.018538688683902523,0.0664968243251522,0.03434178961752948,0.04107062685739417,0.08517254688809217,0.13657355014739322,0.21526357602320667,0.2041877261505122,0.11362133696992473,0.01487408434196027
HMV23/000059/0923/18,0.022283126522820763,0.01333349804093165,0.005648403399989881,0.012306717841390105,0.025297333854415387,0.03939457556269504,0.08426093619028731,0.03988016250797659,0.11091938065637756,0.009141554870712453,0.06531281086072066,0.0240218981988513,0.01760645042949597,0.03497451818618259,0.012404997229367002,0.003923192623052283,0.011075500429096302,1.0,0.009245823502191261,0.028782403986268388,0.02546016661597554,0.011406652016113551,0.022089105569714943,0.031035322163559333,0.01283567903908963,0.022316326368134992,0.02142148744390031,0.013105767947402284,0.005923363611772589,0.012064883455041671,0.00782416670556308,0.026197214955175133,0.0759371901765838,0.016851119001372546,0.11522361764284356,0.07334919741174345,0.010699275221504604,0.0022815789366313374,0.016831302058210876,0.0077426969218133135,0.00759293190195215,0.010311263983743123,0.00906036829726663,0.010905781895704429,0.02097126887916353,0.018893894923896225,0.016399191321315384,0.016256680772684592,0.08624533038816393,0.02356464805801323,0.0033974246831360074,0.08440923896312649,0.03959560360507944,0.02383486455162707,0.0,0.023174911586475243,0.06294799930787089,0.01815483453466884,0.021028115593481656,0.015606200679003876,0.10630185317602533,0.2096167604110021
HMV23/000059/0923/19,0.09054493180957848,0.026047046046921,0.010606249366223544,0.03549915629262784,0.04613244051386742,0.009193940596614724,0.032674542074520814,0.016042485960475,0.022255539679658633,0.015215334257832905,0.03455436146520568,0.03331199324030651,0.03389372750956582,0.019523729391187815,0.014415789279595824,0.009971458223376965,0.10471242826858998,0.009245823502191261,1.0000000000000002,0.1141212452346711,0.02197919866652843,0.07101160011139471,0.09802537819192086,0.03467237222367764,0.030854278301323732,0.028946832994946922,0.12300524520838307,0.034966928676807674,0.05543198716435063,0.033034427733404786,0.022355880394479926,0.026187187865021277,0.029446776022548908,0.012492553060629042,0.020065792809340986,0.03880608791976506,0.016983345523998737,0.01035647271133595,0.0167705913501598,0.044575757069471825,0.0437135395230213,0.03137903664392985,0.015080206167513842,0.00632012153005948,0.029081580537909022,0.09925958818811212,0.015125475863656791,0.022515800809517227,0.017194405282842176,0.0033408939823848455,0.008078774455884813,0.00320262498159553,0.016184690180710552,0.028644724901939977,0.046403368987068976,0.029930427414073184,0.04342818743945291,0.04833376216777337,0.09331699634504796,0.03969012267972212,0.016922898114851592,0.0
HMV23/000059/0923/20,0.06748792694568055,0.11390103372145378,0.039092953366199265,0.08034044812778598,0.07846628790581814,0.03888437652052439,0.05748249416932254,0.03863271796468981,0.06226489697156731,0.06000786221092072,0.04005337583076542,0.002587303667043986,0.07771881149107131,0.05265245800757502,0.06938986083268182,0.04694454286889013,0.060855942028173175,0.028782403986268388,0.1141212452346711,1.0000000000000002,0.05680454838133012,0.1652675097633842,0.06960467251468386,0.08193252922065229,0.0875969897037213,0.08936611617852601,0.09855563621071928,0.09977688212700861,0.10849674943006554,0.08921076144552668,0.0745396319111234,0.04606965478900641,0.05180406590430657,0.01873529301133891,0.03765807559731037,0.042691080678647395,0.06191100567966892,0.025868560053308322,0.03171124351649083,0.12270094424368808,0.12032757104605347,0.10309092755706972,0.05947492959916974,0.03204952666942108,0.0022587324458905518,0.05768690349747186,0.03321167345774991,0.09571201468281036,0.05553231852908539,0.02859581228293788,0.04465766583623294,0.019880269778515588,0.02336296887507828,0.06432973895369715,0.03002402491379348,0.057520361485722864,0.09907709999406338,0.11622124194909711,0.09674581730402904,0.08402350135844677,0.033444537822262116,0.009522651249227423
HMV23/000059/0923/21,0.11951313935424496,0.13053824257411933,0.07057235440841057,0.1038881857359886,0.09813548850136213,0.0872552009894007,0.09756452823295332,0.0924506444082431,0.09930582922172018,0.07955562730435284,0.07652145412639136,0.019302327276452872,0.0989454012999432,0.2754318145889383,0.0960767559823301,0.032969815188047216,0.11191054471610953,0.02546016661597554,0.02197919866652843,0.05680454838133012,1.0000000000000002,0.06727488697069071,0.11868602477800909,0.05964429834718621,0.4042373315104308,0.1295958878229796,0.10181182506652718,0.06217498494486974,0.05928450973787751,0.06479176696126987,0.10030685576118596,0.07245803712196747,0.08792658223240177,0.0024507784274385683,0.059887413081345146,0.08031327419608936,0.15702835428076042,0.035109265187244054,0.08674647291532836,0.07561551053866636,0.07415289892516888,0.11061546566677884,0.07884909008278389,0.032002844002948914,0.016851053649351584,0.10608286682012132,0.06665381475177434,0.15960463280728768,0.11529710719372391,0.08384784256325095,0.02936402623391734,0.052053792636647306,0.059010195057286316,0.15126503460250912,0.060023311481284466,0.1127490131559495,0.16695445294758526,0.14321006072269582,0.09994221138419981,0.12043977016414323,0.09035707838032976,0.018752049412923744
HMV23/000055/0923/1,0.08618080095450452,0.13681843373956298,0.03401268930704336,0.07487010811740946,0.1267703192489326,0.08658113393751407,0.07322082001835571,0.09614967705878666,0.08757215927715858,0.055401228252156126,0.06261513185482577,0.04660971039756071,0.08125391881269098,0.07024999365756746,0.08149644282860502,0.049411624044938804,0.0758891460708006,0.011406652016113551,0.07101160011139471,0.1652675097633842,0.06727488697069071,0.9999999999999998,0.08787483839980147,0.08934098505754562,0.06222108840304656,0.06936689345524309,0.1450961257488813,0.7543085675919559,0.7526923302353448,0.7048072124757789,0.05168997904934945,0.06942247309906839,0.07202567333735947,0.10564022846803119,0.08982979222311233,0.06525486482133658,0.060542420591297205,0.042689100461059004,0.049708080918916736,0.25972215163821843,0.25827243374622144,0.05299539258098236,0.05490920737057802,0.03106053464118787,0.04069057162076938,0.07193726199924928,0.036639719644205204,0.14044851067574543,0.08272941743314466,0.03906607430699396,0.04666370423688134,0.03354168096563602,0.1420158922670271,0.12295799645485866,0.1070689152977271,0.13873624028183285,0.10064423907866112,0.10714815366259725,0.10793229905809469,0.10474631331568776,0.0311985470425067,0.020654940813331902
HMV23/000055/0923/2,0.5934672443178929,0.08663052055264117,0.06877513873252629,0.11890627831390684,0.6346478567509335,0.08895031161789896,0.09396888518105859,0.08743896170456096,0.08956107883350026,0.1078853963200977,0.09641757760143921,0.05066408431241443,0.1690732015378883,0.11603008853187367,0.07759620603880527,0.1057223990261146,0.22612486767786885,0.022089105569714943,0.09802537819192086,0.06960467251468386,0.11868602477800909,0.08787483839980147,0.9999999999999998,0.09505833089461553,0.11638350466448141,0.11560061581639076,0.8617510067876666,0.05188243566637465,0.08491244222683153,0.056570221326814815,0.10701877615107197,0.07531186953104632,0.08468613603533809,0.07514663999565882,0.07625297379395843,0.10444648097349145,0.11335402362118786,0.09187952358747037,0.1383759317315434,0.07253605986507528,0.07113301328375574,0.1121423566777259,0.10692726110393937,0.09850798082133388,0.04423006566080032,0.2143495439454853,0.07398350639289819,0.10510996974065741,0.04622166214600959,0.023207739423021068,0.06630060836593327,0.01650851170094984,0.18224817758889433,0.14524244587438484,0.25820527111555736,0.2949356157827565,0.23418501600284114,0.25589863972029814,0.8808164681733122,0.13845793334772627,0.06413194165504656,0.019869412429536038
HMV23/000055/0923/3,0.08628360999336515,0.2478052160836026,0.04399809178394538,0.15437957496404794,0.06296286706314572,0.07100283825531128,0.09131080175495232,0.06288876656023222,0.05934870091178194,0.06745094611192692,0.09502677850899428,0.03475544599205728,0.10266604261059435,0.09781761795046279,0.11606927790122565,0.037542717722159884,0.06373322354707944,0.031035322163559333,0.03467237222367764,0.08193252922065229,0.05964429834718621,0.08934098505754562,0.09505833089461553,1.0000000000000002,0.24252561457941055,0.3679264512771139,0.09218530081584493,0.054504203419475004,0.05838948864085181,0.04920468489686834,0.1395878323766936,0.09259473259852428,0.08229063230894199,0.022959092041147787,0.046983434073479956,0.10401017292091155,0.09340768707984715,0.03321837268568313,0.08663810919785003,0.052470200384068716,0.05145528262582605,0.1583748813693131,0.06685191112630862,0.023795370070999723,0.03034172390879307,0.0604143522195599,0.04711428803913448,0.10344723274365529,0.06136890948555612,0.046884005471449226,0.02227972612070154,0.018403291621733684,0.040156386157716606,0.06440358179881178,0.057043129590010996,0.041161080486994635,0.07585835820514146,0.21512795581694005,0.09843865350393427,0.10969086983496013,0.05583999460767427,0.02511076377809365
HMV23/000055/0923/4,0.11141994094036972,0.28660562985728394,0.06737026290530823,0.1173103955082774,0.09031430877637392,0.06661324665808835,0.14332153817601911,0.06283050338601565,0.08678040279855845,0.08952859430287488,0.16585345710333263,0.02800289007537649,0.09812028639654247,0.17051936729976216,0.19764456189938212,0.031955932440459626,0.09786180024054361,0.01283567903908963,0.030854278301323732,0.0875969897037213,0.4042373315104308,0.06222108840304656,0.11638350466448141,0.24252561457941055,1.0000000000000002,0.3041893307568369,0.11286594543083053,0.0495122957182981,0.04836581811657873,0.04721188137723356,0.20558126132196658,0.11486581929011697,0.12916346996542633,0.015653653197062464,0.06194588218741131,0.18123487517117476,0.2393785925979786,0.023710527324148356,0.06269490549242349,0.07530259151227073,0.07384603261201726,0.13955524936766783,0.08873348669813266,0.022992043776568837,0.024446699936163337,0.09276570271398646,0.10697101222089439,0.22367070101525285,0.11096709905257603,0.08603053371873469,0.029345500135167728,0.05114860762757944,0.03133717505547073,0.08225577150368106,0.05959112184308378,0.07651477611753119,0.12890769069775704,0.16152549158377894,0.11570722784548543,0.1124756607555689,0.0606240530174466,0.013812503267026984
HMV23/000055/0923/5,0.10513934408664127,0.45845800396000896,0.07136818771564778,0.20459572907456627,0.07853237527781681,0.07865811313326564,0.11572765593996337,0.0850182719706191,0.0860819969146128,0.12189720735539789,0.12326217919858856,0.024410479107074935,0.13503442150276007,0.1258365174470589,0.2702960338304265,0.08789891571210309,0.08782850093835802,0.022316326368134992,0.028946832994946922,0.08936611617852601,0.1295958878229796,0.06936689345524309,0.11560061581639076,0.3679264512771139,0.3041893307568369,0.9999999999999998,0.1121067185089249,0.05055813027625587,0.05664561633382289,0.04939150862388446,0.32970759823837514,0.09275055363795214,0.10429545902453724,0.018599864188286373,0.06109093790530621,0.13262197888708147,0.08464552640603291,0.05712549801570538,0.07349624428399883,0.04892885710358928,0.04798243864889573,0.2701281432413898,0.12081463259456528,0.05571219546992278,0.02131050246679305,0.08325488176015945,0.044980743086779976,0.11026292374330168,0.030472691348968278,0.04171447856935176,0.05780615541250651,0.02787261640262857,0.02718462719425383,0.07049563300654857,0.07193073521685192,0.04127361199566723,0.08728186190700166,0.23080131485191535,0.11572552251650765,0.15468656809966633,0.0780445851527198,0.018094266853317355
HMV23/000055/0923/6,0.5380478840697547,0.08401221146868278,0.061463875897691034,0.12396948011131362,0.7425035845685121,0.08626188948394038,0.09112878236152742,0.08479621840505805,0.08685419695419336,0.10462468275853354,0.09350346583486256,0.04913281991114582,0.1201580081860893,0.11252321089940123,0.07525094884935259,0.10084356120769923,0.2192905003974589,0.02142148744390031,0.12300524520838307,0.09855563621071928,0.10181182506652718,0.1450961257488813,0.8617510067876666,0.09218530081584493,0.11286594543083053,0.1121067185089249,1.0,0.07711672305730627,0.14615115467294296,0.0844085927514103,0.10378425519976135,0.07303565381786467,0.08212659376487551,0.0728754181575074,0.07394831427338863,0.10128970472216783,0.10992802701101811,0.06814312007028794,0.08459676533343195,0.10136007278455786,0.09939949064283132,0.12325964447396864,0.1036955060909805,0.07586569942716583,0.04289326216516188,0.20787107244982153,0.07174743894673861,0.11952203837597217,0.04482466490877133,0.02250631185959657,0.08342090424509833,0.01600956068607091,0.14295037542199238,0.2004312754868942,0.21254936066457122,0.2375554423152346,0.29755083200384064,0.2313207118035548,0.8698504844807792,0.14809629050121167,0.06219362656313547,0.01926888200763286
HMV23/000055/0923/7,0.06227532700219024,0.09573620660574286,0.04097431003366256,0.06600759238958251,0.07003664212281059,0.042405007186052696,0.04461188995873396,0.04898408497382391,0.0492437634621044,0.05100343306390249,0.05688429346460243,0.016978632772307458,0.05372862665853252,0.0537624828850189,0.056138969331305466,0.03376722496688321,0.06068632670483119,0.013105767947402284,0.034966928676807674,0.09977688212700861,0.06217498494486974,0.7543085675919559,0.05188243566637465,0.054504203419475004,0.0495122957182981,0.05055813027625587,0.07711672305730627,1.0,0.6966763151034056,0.9659624751455922,0.038201793725233704,0.03821599916408171,0.04158886696573383,0.03141794939187342,0.04299238237035069,0.06214225947393843,0.04025310899668757,0.04939050756211658,0.031030105280358874,0.3997048372072355,0.3707630598362827,0.04476433875742186,0.050550469205675505,0.020933358407511662,0.014822453667948023,0.05752612079551661,0.028042756917082412,0.12940996199913118,0.04617342525847018,0.01831902347763557,0.042336209509517136,0.01594306969196043,0.10187458078849373,0.13655715577882327,0.08774714881277926,0.09630277675116794,0.08782506926804945,0.08837031719142419,0.06267996622420319,0.10122339354373491,0.028290283779225968,0.010652284748773633
HMV23/000055/0923/8,0.08676646856902301,0.1141610393725104,0.03655675385532565,0.09788112928775165,0.14989466750773145,0.06789958187873565,0.07721957079560315,0.09281127233405595,0.0853742771865733,0.04961983506123267,0.05933710127679892,0.029293855057525124,0.05519184058505328,0.07121109136615451,0.0865287866104481,0.06055442932405942,0.08174680218167377,0.005923363611772589,0.05543198716435063,0.10849674943006554,0.05928450973787751,0.7526923302353448,0.08491244222683153,0.05838948864085181,0.04836581811657873,0.05664561633382289,0.14615115467294296,0.6966763151034056,1.0,0.7476142385722697,0.0496145316026127,0.06060118535661557,0.07499931109889169,0.09976210075570209,0.0892139331042231,0.062102018942346106,0.07738193087415032,0.05358673043511304,0.04452079591414227,0.3052925391262892,0.30258839789607683,0.07023638901838203,0.049179159001137604,0.03685846790482292,0.025573720520886252,0.07748988400340596,0.03113841973177775,0.16154959426023596,0.07717618889768084,0.03809177046149194,0.05142406849220302,0.040688161308249364,0.1790539930631635,0.14022746007372372,0.11821278746781186,0.15500462460749176,0.11256358907816987,0.09716601579671551,0.10257863353163418,0.11874937265510462,0.07198826437369074,0.01849949520419098
HMV23/000055/0923/9,0.06632307359378789,0.09315148723780783,0.041448721486120055,0.07187126010973417,0.0808530296084749,0.040128429796020694,0.054817671641876745,0.05094139496903002,0.050491959937914235,0.0548117683696971,0.05799523924885294,0.013858313049265877,0.051183190187548654,0.052450887265885676,0.05761639382337075,0.04070471345338132,0.06789101384651475,0.012064883455041671,0.033034427733404786,0.08921076144552668,0.06479176696126987,0.7048072124757789,0.056570221326814815,0.04920468489686834,0.04721188137723356,0.04939150862388446,0.0844085927514103,0.9659624751455922,0.7476142385722697,1.0000000000000004,0.03923894160608905,0.03799437800526405,0.05079312417899317,0.0328923523926963,0.044475351560134165,0.06338152488714208,0.05633404111166384,0.04936352771534454,0.031179366895792565,0.3754353047332674,0.4090470950524576,0.04884100160818919,0.05432498250871642,0.027462445995268692,0.012098394837992977,0.06435562795653248,0.02497495362279118,0.13660889854981925,0.044032788702032026,0.01840714200036486,0.04750356656886762,0.021938824353694732,0.11100605061973849,0.14232624113980064,0.09390803203623264,0.10341857971889468,0.09401333588911086,0.08788961239533084,0.06720651258734764,0.10026708163701939,0.047676415514908733,0.009514244067448992
